排名,代號,名稱,市 場,股價 日期,K 線,成交,漲跌 價,漲跌 幅,成交 張數,成交額 (百萬),昨收,開盤,最高,最低,振幅 (%),PER,PBR,1個月 走勢圖,3個月 走勢圖,1年 走勢圖,3年 走勢圖,10年 走勢圖
901,2414,精技,市,09/07,,52.1,-0.4,-0.76,121,6.28,52.5,52.7,52.7,51.8,1.71,12.7,2.67,,,,,
902,4588,玖鼎電力,市,09/07,,52.1,0.2,0.39,30,1.59,51.9,52.2,52.3,51.8,0.96,14.5,2.61,,,,,
903,00760B,復華新興企業債,櫃,09/07,,52.0,-0.05,-0.1,104,5.43,52.05,52.15,52.15,52.0,0.29,,1.0041,,,,,
904,2838A,聯邦銀甲特,市,09/07,,52.0,0.0,0.0,33,1.73,52.0,51.9,52.0,51.9,0.19,,,,,,,
905,2855,統一證,市,09/07,,52.0,1.3,2.56,5706,295.0,50.7,51.2,52.3,50.4,3.75,5.39,1.73,,,,,
906,2453,凌群,市,09/07,,51.9,0.1,0.19,207,10.8,51.8,51.9,52.2,51.7,0.97,16.4,2.45,,,,,
907,6141,柏承,市,09/07,,51.9,-0.6,-1.14,2293,119.0,52.5,51.5,52.9,51.3,3.05,,9.81,,,,,
908,1730,花仙子,市,09/07,,51.8,0.3,0.58,23,1.18,51.5,51.5,51.9,51.4,0.97,10.9,1.61,,,,,
909,2751,王座,櫃,09/07,,51.8,-0.7,-1.33,1,0.06,52.5,51.8,51.8,51.8,0.0,10.2,2.37,,,,,
910,5515,建國,市,09/07,,51.8,-0.7,-1.33,363,18.8,52.5,52.7,52.7,51.6,2.1,5.25,1.79,,,,,
911,2881C,富邦金丙特,市,09/07,,51.6,0.1,0.19,56,2.9,51.5,51.6,51.6,51.5,0.19,,,,,,,
912,4175,杏一,櫃,09/07,,51.6,-0.2,-0.39,11,0.56,51.8,51.8,52.0,51.5,0.97,13.7,1.43,,,,,
913,6281,全國電,市,09/07,,51.6,0.2,0.39,36,1.86,51.4,51.7,51.7,51.3,0.78,13.8,1.84,,,,,
914,6122,擎邦,櫃,09/07,,51.5,0.2,0.39,334,17.0,51.3,51.1,51.6,50.2,2.73,10.8,2.26,,,,,
915,9943,好樂迪,市,09/07,,51.5,0.3,0.59,64,3.29,51.2,51.3,51.5,51.1,0.78,8.48,1.74,,,,,
916,5309,系統電,櫃,09/07,,51.4,-0.6,-1.15,863,44.5,52.0,52.8,52.8,51.3,2.88,286.0,2.23,,,,,
917,00881,國泰台灣科技龍頭,市,09/07,,51.35,1.0,1.99,24715,1267.0,50.35,50.9,51.6,50.8,1.59,,0.9957,,,,,
918,3221,台嘉碩,櫃,09/07,,51.2,1.8,3.64,3976,203.0,49.4,49.95,52.4,48.95,6.98,50.7,2.49,,,,,
919,3303,岱稜,櫃,09/07,,51.2,-0.1,-0.19,194,9.96,51.3,51.6,51.6,51.1,0.97,10.2,2.02,,,,,
920,3545,敦泰,市,09/07,,51.0,0.3,0.59,469,23.9,50.7,51.5,51.5,50.3,2.37,,1.25,,,,,
921,8924,大田,櫃,09/07,,51.0,-0.3,-0.58,41,2.08,51.3,51.3,51.4,50.5,1.75,18.5,1.1,,,,,
922,1522A,堤維西甲特,市,09/07,,50.9,-0.1,-0.2,29,1.48,51.0,51.0,51.0,50.9,0.2,,,,,,,
923,3025,星通,市,09/07,,50.9,-1.4,-2.68,337,17.2,52.3,51.8,51.9,50.3,3.06,10.8,3.72,,,,,
924,4923,力士,櫃,09/07,,50.9,-0.6,-1.17,297,15.3,51.5,52.5,53.0,50.8,4.27,,3.41,,,,,
925,6125,廣運,櫃,09/07,,50.8,-0.7,-1.36,743,37.9,51.5,51.8,51.9,50.8,2.14,169.0,2.82,,,,,
926,6161,捷波,櫃,09/07,,50.7,-0.9,-1.74,81,4.13,51.6,51.6,51.6,50.5,2.13,12.3,2.12,,,,,
927,3229,晟鈦,市,09/07,,50.6,0.8,1.61,548,27.6,49.8,50.4,51.3,49.45,3.71,38.0,4.77,,,,,
928,4763,材料*-KY,市,09/07,,50.6,0.3,0.6,6184,310.0,50.3,51.0,51.0,49.35,3.28,12.1,2.56,,,,,
929,4952,凌通,市,09/07,,50.6,0.0,0.0,298,15.1,50.6,50.5,51.0,50.3,1.38,28.4,2.49,,,,,
930,3467,台灣精材,櫃,09/07,,50.5,-0.6,-1.17,92,4.63,51.1,51.0,51.2,50.0,2.35,43.9,2.6,,,,,
931,3694,海華,市,09/07,,50.5,0.1,0.2,455,23.0,50.4,50.5,50.9,50.2,1.39,12.6,2.14,,,,,
932,6570,維田,櫃,09/07,,50.5,-1.1,-2.13,102,5.16,51.6,51.7,52.2,50.0,4.26,20.0,2.22,,,,,
933,6721,信實,櫃,09/07,,50.5,0.3,0.6,5,0.27,50.2,50.5,50.6,50.5,0.2,10.0,1.75,,,,,
934,00895,富邦未來車,市,09/07,,50.45,0.25,0.5,386,19.4,50.2,50.15,50.5,50.15,0.7,,0.9972,,,,,
935,3527,聚積,櫃,09/07,,50.4,-0.8,-1.56,78,3.93,51.2,51.2,51.2,50.4,1.56,,1.0,,,,,
936,7547,碩網,櫃,09/07,,50.3,-0.5,-0.98,4,0.2,50.8,50.0,50.3,50.0,0.59,16.3,1.75,,,,,
937,8432,東生華,櫃,09/07,,50.3,-0.6,-1.18,95,4.77,50.9,51.2,51.2,50.2,1.96,11.6,1.36,,,,,
938,1569,濱川,櫃,09/07,,50.2,1.5,3.08,2037,102.0,48.7,50.6,51.2,48.2,6.16,,2.44,,,,,
939,2886,兆豐金,市,09/07,,50.2,0.65,1.31,20350,1015.0,49.55,50.4,50.4,49.3,2.22,19.5,1.85,,,,,
940,8936,國統,櫃,09/07,,50.2,-0.1,-0.2,835,42.0,50.3,50.4,50.5,50.2,0.6,11.5,1.97,,,,,
941,9951,皇田,櫃,09/07,,50.1,-0.3,-0.6,62,3.1,50.4,50.3,50.3,50.0,0.6,8.73,0.94,,,,,
942,1708,東鹼,市,09/07,,50.0,-1.2,-2.34,2399,121.0,51.2,51.6,51.6,50.0,3.13,12.1,1.63,,,,,
943,8048,德勝,櫃,09/07,,50.0,-1.6,-3.1,133,6.72,51.6,51.9,51.9,50.0,3.68,14.9,2.45,,,,,
944,00913,兆豐台灣晶圓製造,市,09/07,,49.95,2.35,4.94,2910,144.0,47.6,48.63,50.0,48.63,2.88,,1.0002,,,,,
945,3481,群創,市,09/07,,49.95,1.45,2.99,251339,12454.0,48.5,49.4,50.7,48.0,5.57,64.0,1.77,,,,,
946,6961,旅天下,櫃,09/07,,49.9,-0.1,-0.2,13,0.67,50.0,50.4,50.4,49.9,1.0,19.2,1.46,,,,,
947,8070,長華*,市,09/07,,49.9,-0.6,-1.19,1656,83.3,50.5,51.1,51.2,49.9,2.57,29.5,1.32,,,,,
948,6925,意藍,櫃,09/07,,49.85,-0.15,-0.3,14,0.72,50.0,50.0,50.0,49.85,0.3,17.1,2.56,,,,,
949,00758B,復華能源債,櫃,09/07,,49.84,-0.26,-0.52,100,4.99,50.1,49.84,49.84,49.84,0.0,,1.0024,,,,,
950,2630,亞航,市,09/07,,49.8,-0.4,-0.8,672,33.6,50.2,50.9,50.9,49.65,2.49,84.4,3.08,,,,,
951,4557,永新-KY,市,09/07,,49.8,-0.3,-0.6,45,2.28,50.1,50.0,51.0,49.6,2.79,,0.94,,,,,
952,4995,晶達,櫃,09/07,,49.8,-0.3,-0.6,40,2.03,50.1,52.2,52.2,49.45,5.49,14.1,2.24,,,,,
953,6899,創為精密,櫃,09/07,,49.8,-0.2,-0.4,16,0.81,50.0,50.0,50.0,49.5,1.0,11.2,1.12,,,,,
954,8045,達運光電,市,09/07,,49.8,-0.4,-0.8,198,9.86,50.2,50.2,51.6,48.55,6.08,57.9,2.44,,,,,
955,2471,資通,市,09/07,,49.75,-0.45,-0.9,96,4.81,50.2,49.9,50.3,49.75,1.1,10.3,2.72,,,,,
956,6127,九豪,櫃,09/07,,49.65,0.6,1.22,2507,126.0,49.05,50.0,50.9,49.45,2.96,,4.7,,,,,
957,9926,新海,市,09/07,,49.55,0.2,0.41,35,1.71,49.35,49.5,50.0,49.25,1.52,17.4,2.01,,,,,
958,5530,龍巖,櫃,09/07,,49.45,-0.55,-1.1,178,8.82,50.0,49.85,49.85,49.35,1.0,14.7,0.66,,,,,
959,1583,程泰,市,09/07,,49.3,0.35,0.72,31,1.5,48.95,48.9,49.3,48.0,2.66,11.2,0.95,,,,,
960,3564,其陽,櫃,09/07,,49.2,-1.0,-1.99,356,17.6,50.2,50.8,50.8,49.0,3.59,145.0,2.1,,,,,
961,2027,大成鋼,市,09/07,,49.1,-1.1,-2.19,20652,1009.0,50.2,50.6,50.6,48.3,4.58,10.3,1.44,,,,,
962,3257,虹冠電,市,09/07,,49.1,-0.6,-1.21,156,7.69,49.7,49.9,49.9,49.1,1.61,19.3,2.43,,,,,
963,1536,和大,市,09/07,,48.95,-0.85,-1.71,1747,85.3,49.8,50.0,50.0,48.6,2.81,,1.84,,,,,
964,8482,商億-KY,市,09/07,,48.95,0.5,1.03,5,0.24,48.45,49.25,49.25,47.55,3.51,16.6,1.65,,,,,
965,8097,常珵,櫃,09/07,,48.9,-0.1,-0.2,93,4.55,49.0,48.9,48.95,48.5,0.92,,3.07,,,,,
966,6165,浪凡,市,09/07,,48.75,-0.15,-0.31,141,6.85,48.9,48.8,49.0,48.35,1.33,12.4,2.76,,,,,
967,9941A,裕融甲特,市,09/07,,48.75,-0.1,-0.2,43,2.12,48.85,48.8,48.85,48.75,0.2,,,,,,,
968,2488,漢平,市,09/07,,48.7,0.15,0.31,128,6.23,48.55,49.45,49.45,48.5,1.96,10.0,1.4,,,,,
969,2887E,台新新光戊特一,市,09/07,,48.65,0.0,0.0,173,8.43,48.65,48.65,48.65,48.6,0.1,,,,,,,
970,0055,元大MSCI金融,市,09/07,,48.63,-0.37,-0.76,958,46.6,49.0,49.08,49.37,48.34,2.1,,0.999,,,,,
971,6695,芯鼎,市,09/07,,48.6,-0.9,-1.82,328,16.0,49.5,49.5,49.6,48.4,2.42,,2.8,,,,,
972,00909,國泰數位支付服務,市,09/07,,48.56,-0.1,-0.21,1152,56.0,48.66,48.26,48.72,48.26,0.95,,0.9959,,,,,
973,00865B,國泰US短期公債,市,09/07,,48.55,-0.16,-0.33,2811,136.0,48.71,48.58,48.6,48.51,0.18,,1.0034,,,,,
974,00633L,富邦上証正2,市,09/07,,48.44,-0.43,-0.88,1746,84.6,48.87,48.82,49.0,48.05,1.94,,0.9998,,,,,
975,00894,中信小資高價30,市,09/07,,48.4,0.98,2.07,1373,66.5,47.42,48.1,48.74,48.08,1.39,,0.9949,,,,,
976,2413,環科,市,09/07,,48.35,2.55,5.57,9650,461.0,45.8,47.85,49.3,46.2,6.77,12.9,2.72,,,,,
977,2227,裕日車,市,09/07,,48.3,0.65,1.36,43,2.05,47.65,48.3,48.3,47.1,2.52,,0.82,,,,,
978,3594,磐儀,櫃,09/07,,48.3,-0.85,-1.73,465,22.7,49.15,49.3,49.5,48.3,2.44,38.3,2.02,,,,,
979,6170,統振,櫃,09/07,,48.25,-0.2,-0.41,64,3.07,48.45,48.5,48.5,47.95,1.14,9.89,2.4,,,,,
980,2542,興富發,市,09/07,,48.0,-0.55,-1.13,7665,368.0,48.55,48.55,48.55,47.6,1.96,11.1,2.05,,,,,
981,4198,欣大健康,櫃,09/07,,48.0,-0.5,-1.03,4,0.19,48.5,50.9,50.9,48.0,5.98,,5.67,,,,,
982,4581,光隆精密-KY,市,09/07,,48.0,0.0,0.0,6,0.29,48.0,47.85,48.0,47.85,0.31,11.8,1.31,,,,,
983,2362,藍天,市,09/07,,47.95,-1.35,-2.74,1176,56.5,49.3,49.45,49.45,47.75,3.45,7.89,0.59,,,,,
984,6928,攸泰科技,市,09/07,,47.9,-0.6,-1.24,102,4.91,48.5,48.8,48.8,47.85,1.96,,2.05,,,,,
985,00768B,復華20年美債,櫃,09/07,,47.75,-0.26,-0.54,232,11.1,48.01,47.89,47.89,47.74,0.31,,1.0012,,,,,
986,1903,士紙,市,09/07,,47.6,-0.05,-0.1,59,2.82,47.65,47.65,47.7,47.25,0.94,36.1,2.25,,,,,
987,6189,豐藝,市,09/07,,47.55,-0.6,-1.25,475,22.6,48.15,48.2,48.25,47.35,1.87,11.8,2.07,,,,,
988,6589,台康生技,市,09/07,,47.5,-0.55,-1.14,388,18.5,48.05,49.4,49.4,47.45,4.06,,1.82,,,,,
989,00901,永豐智能車供應鏈,市,09/07,,47.4,1.01,2.18,171,8.13,46.39,46.72,47.67,46.72,2.05,,0.9952,,,,,
990,6177,達麗,市,09/07,,47.4,-1.8,-3.66,2661,127.0,49.2,49.25,49.25,47.25,4.07,5.23,1.87,,,,,
991,00886,永豐美國科技,櫃,09/07,,47.2,-0.29,-0.61,32,1.49,47.49,47.14,47.2,47.14,0.13,,0.9977,,,,,
992,4417,金洲,櫃,09/07,,47.2,0.1,0.21,54,2.54,47.1,47.0,47.2,47.0,0.42,9.06,1.25,,,,,
993,4419,皇家美食,櫃,09/07,,47.1,-1.25,-2.59,3,0.14,48.35,47.95,47.95,46.95,2.07,,8.75,,,,,
994,5212,凌網,櫃,09/07,,47.0,0.6,1.29,14,0.66,46.4,46.4,47.0,46.2,1.72,7.41,2.92,,,,,
995,5876,上海商銀,市,09/07,,46.95,0.65,1.4,9786,457.0,46.3,46.5,46.95,46.05,1.94,13.3,1.06,,,,,
996,2540,愛山林,市,09/07,,46.9,-0.25,-0.53,400,18.8,47.15,47.8,47.8,46.6,2.55,,4.11,,,,,
997,2399,映泰,市,09/07,,46.8,-0.5,-1.06,7405,352.0,47.3,47.5,48.45,46.7,3.7,11.8,2.94,,,,,
998,3205,佰研,櫃,09/07,,46.8,0.6,1.3,8,0.38,46.2,47.2,47.2,46.5,1.52,,3.16,,,,,
999,00660,元大歐洲50,市,09/07,,46.7,0.03,0.06,10,0.45,46.67,46.71,46.72,46.51,0.45,,0.9928,,,,,
1000,7718,友鋮,櫃,09/07,,46.6,0.1,0.22,50,2.35,46.5,47.45,47.45,46.5,2.04,8.29,1.37,,,,,
1001,4746,台耀,市,09/07,,46.4,1.05,2.32,863,39.8,45.35,45.45,46.7,45.15,3.42,10.4,0.75,,,,,
1002,6465,威潤,櫃,09/07,,46.3,0.3,0.65,81,3.75,46.0,46.05,46.95,45.85,2.39,13.5,3.76,,,,,
1003,6509,聚和,櫃,09/07,,46.3,-0.5,-1.07,550,25.6,46.8,46.95,47.0,46.25,1.6,12.8,1.64,,,,,
1004,6982,大井泵浦,櫃,09/07,,46.3,-1.05,-2.22,32,1.47,47.35,47.15,47.15,46.05,2.32,,2.16,,,,,
1005,3290,東浦,櫃,09/07,,46.25,0.75,1.65,854,38.9,45.5,45.55,46.65,44.65,4.4,9.99,1.67,,,,,
1006,6275,元山,櫃,09/07,,46.25,-1.9,-3.95,514,24.1,48.15,47.7,47.7,46.25,3.01,18.2,2.22,,,,,
1007,3490,單井,櫃,09/07,,46.15,0.15,0.33,3153,146.0,46.0,46.25,47.2,45.1,4.57,7.29,1.61,,,,,
1008,1535,中宇,市,09/07,,46.0,0.65,1.43,56,2.53,45.35,45.65,46.1,45.35,1.65,12.2,1.52,,,,,
1009,2328,廣宇,市,09/07,,46.0,-0.6,-1.29,1592,73.5,46.6,47.2,47.3,45.8,3.22,107.0,1.63,,,,,
1010,4120,友華,櫃,09/07,,46.0,0.3,0.66,7,0.31,45.7,45.1,46.0,45.1,1.97,,0.76,,,,,
1011,3236,千如,櫃,09/07,,45.95,1.5,3.37,5360,247.0,44.45,45.05,47.15,44.55,5.85,65.6,2.7,,,,,
1012,1786,科妍,市,09/07,,45.9,-1.15,-2.44,165,7.69,47.05,47.5,47.5,45.85,3.51,19.2,1.87,,,,,
1013,3209,全科,市,09/07,,45.9,-0.7,-1.5,1218,56.1,46.6,46.9,46.9,45.9,2.15,7.66,1.92,,,,,
1014,5258,虹堡,市,09/07,,45.9,0.15,0.33,445,20.2,45.75,45.9,46.25,45.0,2.73,10.5,1.12,,,,,
1015,6684,安格,櫃,09/07,,45.85,-0.45,-0.97,68,3.12,46.3,46.8,46.8,45.85,2.05,,1.32,,,,,
1016,00864B,中信美國公債0-1,櫃,09/07,,45.81,-0.15,-0.33,1333,61.0,45.96,45.83,45.84,45.74,0.22,,1.0024,,,,,
1017,2887F,台新新光戊特二,市,09/07,,45.8,0.0,0.0,26,1.2,45.8,45.85,45.85,45.8,0.11,,,,,,,
1018,00789B,復華公司債A3,櫃,09/07,,45.74,-0.23,-0.5,100,4.57,45.97,45.74,45.74,45.74,0.0,,0.9991,,,,,
1019,4510,高鋒,櫃,09/07,,45.65,-1.9,-4.0,2176,100.0,47.55,47.6,47.6,45.4,4.63,48.1,2.65,,,,,
1020,8442,威宏-KY,市,09/07,,45.65,0.1,0.22,42,1.93,45.55,45.55,45.65,45.25,0.88,14.7,0.86,,,,,
1021,2704,國賓,市,09/07,,45.6,0.1,0.22,89,4.06,45.5,45.95,45.95,45.4,1.21,17.1,0.51,,,,,
1022,3093,港建*,櫃,09/07,,45.6,0.4,0.88,217,9.79,45.2,46.25,46.25,43.65,5.75,46.5,4.21,,,,,
1023,4743,合一,櫃,09/07,,45.6,0.95,2.13,950,43.1,44.65,45.1,45.85,44.55,2.91,351.0,2.13,,,,,
1024,8349A,恒耀甲特,櫃,09/07,,45.6,0.05,0.11,7,0.32,45.55,45.55,45.6,45.55,0.11,,,,,,,
1025,00635U,期元大S&P黃金,市,09/07,,45.57,-0.64,-1.38,2736,125.0,46.21,45.67,45.67,45.36,0.67,,1.0009,,,,,
1026,1295,生合,櫃,09/07,,45.5,0.15,0.33,18,0.83,45.35,45.5,45.5,45.35,0.33,11.1,1.2,,,,,
1027,3484,崧騰,櫃,09/07,,45.5,-1.0,-2.15,286,13.1,46.5,46.8,46.8,45.5,2.8,13.1,1.1,,,,,
1028,8473,山林水,市,09/07,,45.5,-0.2,-0.44,1147,52.2,45.7,45.9,45.9,45.1,1.75,13.1,1.19,,,,,
1029,006201,元大富櫃50,櫃,09/07,,45.41,1.23,2.78,138,6.28,44.18,44.98,45.82,44.98,1.9,,0.9939,,,,,
1030,6174,安碁,櫃,09/07,,45.4,2.0,4.61,713,32.1,43.4,44.2,45.85,43.6,5.18,35.7,3.4,,,,,
1031,8084,巨虹,櫃,09/07,,45.4,-0.15,-0.33,478,21.7,45.55,46.05,46.4,45.0,3.07,,6.19,,,,,
1032,8289,泰藝,櫃,09/07,,45.4,0.9,2.02,222,10.0,44.5,44.6,45.75,44.4,3.03,43.2,1.89,,,,,
1033,2243,宏旭-KY,市,09/07,,45.25,-0.75,-1.63,273,12.4,46.0,47.0,47.1,44.9,4.78,38.7,3.27,,,,,
1034,6112,邁達特,市,09/07,,45.25,-0.65,-1.42,405,18.5,45.9,46.0,46.0,45.2,1.74,14.0,1.97,,,,,
1035,8112A,至上甲特,市,09/07,,45.2,0.0,0.0,30,1.34,45.2,45.1,45.2,45.1,0.22,,,,,,,
1036,00653L,富邦印度正2,市,09/07,,45.15,-0.73,-1.59,240,10.9,45.88,45.6,45.6,45.02,1.26,,0.9989,,,,,
1037,1203,味王,市,09/07,,45.15,0.45,1.01,22,1.01,44.7,45.9,46.0,44.75,2.8,21.5,1.65,,,,,
1038,4563,百德,櫃,09/07,,45.1,1.25,2.85,176,7.89,43.85,44.55,45.75,43.5,5.13,,1.78,,,,,
1039,4907,富宇,櫃,09/07,,45.0,-2.2,-4.66,197,9.01,47.2,46.8,46.8,45.0,3.81,6.26,1.73,,,,,
1040,5706,鳳凰,市,09/07,,45.0,0.3,0.67,93,4.18,44.7,45.0,45.3,44.75,1.23,11.6,2.2,,,,,
1041,7767,仁大資訊,櫃,09/07,,45.0,0.05,0.11,18,0.81,44.95,44.85,45.0,44.6,0.89,9.96,1.5,,,,,
1042,2851,中再保,市,09/07,,44.95,-1.7,-3.64,4278,192.0,46.65,46.9,46.9,44.45,5.25,4.26,1.37,,,,,
1043,3078,僑威,櫃,09/07,,44.95,-1.15,-2.49,986,44.3,46.1,45.9,46.0,44.5,3.25,12.5,1.5,,,,,
1044,4555,氣立,市,09/07,,44.9,-1.35,-2.92,231,10.4,46.25,45.9,45.9,44.8,2.38,44.5,1.07,,,,,
1045,3094,聯傑,市,09/07,,44.8,-1.7,-3.66,19618,912.0,46.5,49.0,50.8,44.8,12.9,72.3,3.59,,,,,
1046,6201,亞弘電,市,09/07,,44.8,0.25,0.56,26,1.14,44.55,44.8,44.8,44.35,1.01,13.9,1.48,,,,,
1047,6666,羅麗芬-KY,市,09/07,,44.8,0.45,1.01,57,2.55,44.35,44.65,45.3,44.0,2.93,13.1,1.17,,,,,
1048,3306,鼎天,櫃,09/07,,44.65,-0.3,-0.67,51,2.29,44.95,45.05,46.45,44.65,4.0,99.2,0.56,,,,,
1049,1722,台肥,市,09/07,,44.6,-0.2,-0.45,2519,112.0,44.8,45.1,45.1,44.45,1.45,53.1,0.83,,,,,
1050,6218,豪勉,櫃,09/07,,44.55,2.3,5.44,2981,132.0,42.25,43.2,45.5,42.7,6.63,26.5,2.86,,,,,
1051,7839,達人網,櫃,09/07,,44.5,0.55,1.25,7,0.31,43.95,44.2,44.5,43.5,2.28,19.3,2.84,,,,,
1052,8941,關中,櫃,09/07,,44.45,0.45,1.02,5,0.22,44.0,43.5,44.45,43.5,2.16,14.4,1.55,,,,,
1053,3543,州巧,市,09/07,,44.4,-0.3,-0.67,1264,56.7,44.7,45.35,45.5,44.4,2.46,,1.58,,,,,
1054,2392,正崴,市,09/07,,44.35,-1.25,-2.74,3279,147.0,45.6,46.2,46.3,44.3,4.39,5.72,0.72,,,,,
1055,2880,華南金,市,09/07,,44.35,0.35,0.8,13083,579.0,44.0,44.7,44.7,43.95,1.7,19.4,2.55,,,,,
1056,6282,康舒,市,09/07,,44.35,0.35,0.8,3951,175.0,44.0,44.75,45.05,43.85,2.73,35.8,1.67,,,,,
1057,2031,新光鋼,市,09/07,,44.3,-0.65,-1.45,609,27.0,44.95,45.5,45.5,44.2,2.89,6.86,1.19,,,,,
1058,3339,泰谷,櫃,09/07,,44.3,0.5,1.14,1667,73.1,43.8,45.0,45.05,42.8,5.14,,4.0,,,,,
1059,2497,怡利電,市,09/07,,44.25,-0.75,-1.67,360,16.1,45.0,45.6,45.65,44.25,3.11,13.5,1.98,,,,,
1060,6742,澤米,市,09/07,,44.2,-0.75,-1.67,353,15.9,44.95,46.5,46.6,44.1,5.56,,2.6,,,,,
1061,2887G,台新新光庚特一,市,09/07,,44.1,0.0,0.0,77,3.41,44.1,44.1,44.15,44.1,0.11,,,,,,,
1062,6115,鎰勝,市,09/07,,44.1,-0.4,-0.9,243,10.8,44.5,44.85,44.9,44.1,1.8,12.9,1.62,,,,,
1063,8077,洛碁,櫃,09/07,,43.95,0.2,0.46,3,0.13,43.8,43.75,43.95,43.75,0.46,6.48,1.83,,,,,
1064,00678,群益那斯達克生技,市,09/07,,43.89,-0.76,-1.7,243,10.7,44.65,44.34,44.34,43.83,1.14,,1.0025,,,,,
1065,1615,大山,市,09/07,,43.85,-0.15,-0.34,89,3.9,44.0,44.5,44.5,43.5,2.27,8.48,1.84,,,,,
1066,8110,華東,市,09/07,,43.85,0.3,0.69,1901,84.0,43.55,44.45,45.1,43.85,2.87,8.02,1.17,,,,,
1067,2937,集雅社,櫃,09/07,,43.8,-0.5,-1.13,2,0.09,44.3,44.3,44.3,43.8,1.13,10.8,1.74,,,,,
1068,8088,品安,櫃,09/07,,43.7,0.55,1.27,429,18.8,43.15,43.85,44.4,43.35,2.43,14.6,2.39,,,,,
1069,6123,上奇,櫃,09/07,,43.6,0.0,0.0,35,1.5,43.6,43.7,43.7,43.15,1.26,13.1,1.67,,,,,
1070,2884,玉山金,市,09/07,,43.55,0.0,0.0,54266,2372.0,43.55,44.0,44.4,43.25,2.64,18.1,2.5,,,,,
1071,1713,國化,市,09/07,,43.5,0.05,0.12,222,9.64,43.45,43.3,43.65,43.1,1.27,9.16,1.78,,,,,
1072,6542,隆中,櫃,09/07,,43.5,-0.25,-0.57,9,0.4,43.75,44.95,44.95,43.5,3.31,96.7,2.53,,,,,
1073,2527,宏璟,市,09/07,,43.4,0.45,1.05,1347,59.6,42.95,43.85,45.8,43.0,6.52,7.61,0.31,,,,,
1074,4305,世坤,櫃,09/07,,43.4,-0.5,-1.14,1,0.05,43.9,43.4,43.4,43.4,0.0,8.91,1.98,,,,,
1075,5228,鈺鎧,櫃,09/07,,43.35,1.65,3.96,785,34.2,41.7,42.3,45.0,42.05,7.07,21.2,2.84,,,,,
1076,2302,麗正,市,09/07,,43.3,0.2,0.46,3870,171.0,43.1,43.5,45.0,43.1,4.41,40.5,3.92,,,,,
1077,2329,華泰,市,09/07,,43.3,0.4,0.93,1460,63.4,42.9,43.5,43.9,43.15,1.75,19.6,1.74,,,,,
1078,3033,威健,市,09/07,,43.25,-0.7,-1.59,4249,184.0,43.95,44.3,44.55,43.2,3.07,8.97,1.78,,,,,
1079,1101B,台泥乙特,市,09/07,,43.15,-0.3,-0.69,46,1.99,43.45,43.35,43.35,43.15,0.46,,,,,,,
1080,9918,欣天然,市,09/07,,43.15,0.05,0.12,14,0.61,43.1,43.3,43.3,42.65,1.51,16.2,2.27,,,,,
1081,3168,眾福科,市,09/07,,43.1,0.35,0.82,28,1.18,42.75,42.55,43.5,42.3,2.81,14.9,1.93,,,,,
1082,2491,吉祥全,市,09/07,,43.0,1.0,2.38,2607,111.0,42.0,42.0,44.45,40.8,8.69,1.34,0.86,,,,,
1083,4927,泰鼎-KY,市,09/07,,43.0,1.1,2.63,6268,273.0,41.9,42.3,44.85,42.15,6.44,,2.71,,,,,
1084,3552,同致,櫃,09/07,,42.9,-0.1,-0.23,41,1.75,43.0,43.2,43.2,42.75,1.05,,0.95,,,,,
1085,00922,國泰台灣領袖50,市,09/07,,42.85,0.72,1.71,12758,547.0,42.13,42.79,43.0,42.56,1.04,,0.9965,,,,,
1086,6180,橘子,櫃,09/07,,42.85,1.05,2.51,569,24.1,41.8,42.3,42.85,41.65,2.87,,1.89,,,,,
1087,00893,國泰智能電動車,市,09/07,,42.83,0.24,0.56,1430,61.2,42.59,42.85,42.85,42.7,0.35,,1.0012,,,,,
1088,1339,昭輝,市,09/07,,42.8,-0.2,-0.47,88,3.8,43.0,43.15,43.45,42.8,1.51,7.37,0.77,,,,,
1089,6754,匯僑設計,市,09/07,,42.65,0.65,1.55,11,0.46,42.0,41.1,42.75,41.1,3.93,12.9,1.29,,,,,
1090,2890,永豐金,市,09/07,,42.6,-0.25,-0.58,20513,878.0,42.85,43.25,43.25,42.15,2.57,16.3,2.33,,,,,
1091,9906,欣巴巴,市,09/07,,42.55,0.35,0.83,99,4.24,42.2,42.05,43.8,41.65,5.09,12.4,2.53,,,,,
1092,00892,富邦台灣半導體,市,09/07,,42.42,1.52,3.72,5510,233.0,40.9,41.47,42.51,41.46,2.57,,0.9972,,,,,
1093,2367,燿華,市,09/07,,42.4,-0.7,-1.62,3157,134.0,43.1,43.6,43.65,42.3,3.13,,2.43,,,,,
1094,8942,森鉅,櫃,09/07,,42.25,-0.15,-0.35,188,7.91,42.4,42.7,42.7,41.75,2.24,7.97,0.82,,,,,
1095,2355,敬鵬,市,09/07,,42.2,-0.6,-1.4,1260,53.3,42.8,42.95,43.3,42.1,2.8,22.3,0.96,,,,,
1096,2887H,台新新光庚特二,市,09/07,,42.2,-0.05,-0.12,96,4.03,42.25,42.25,42.25,42.15,0.24,,,,,,,
1097,3230,錦明,櫃,09/07,,42.2,-0.15,-0.35,251,10.6,42.35,42.6,43.3,42.05,2.95,,4.03,,,,,
1098,4561,健椿,櫃,09/07,,42.2,-1.3,-2.99,185,7.86,43.5,43.5,43.55,42.15,3.22,24.7,1.75,,,,,
1099,5392,能率,櫃,09/07,,42.2,-0.75,-1.75,1209,51.2,42.95,43.25,43.25,42.05,2.79,62.1,1.28,,,,,
1100,7855,和運租車,市,09/07,,42.2,-0.55,-1.29,2098,88.9,42.75,42.75,42.75,42.05,1.64,,1.28,,,,,
1101,2618,長榮航,市,09/07,,42.1,-0.4,-0.94,12951,544.0,42.5,42.8,42.8,41.8,2.35,8.88,1.63,,,,,
1102,8047,星雲,櫃,09/07,,42.1,-0.9,-2.09,28,1.19,43.0,41.1,43.95,41.1,6.63,,4.55,,,,,
1103,6591,動力-KY,市,09/07,,42.05,-0.65,-1.52,117,4.96,42.7,42.45,42.75,42.05,1.64,13.2,0.8,,,,,
1104,6856,鑫傳,櫃,09/07,,42.0,-0.05,-0.12,1,0.04,42.05,42.0,42.0,42.0,0.0,14.0,1.65,,,,,
1105,00904,台新臺灣半導體30,市,09/07,,41.87,1.34,3.31,1548,64.6,40.53,40.81,42.0,40.81,2.94,,0.9967,,,,,
1106,6771,平和環保-創,市,09/07,,41.8,0.0,0.0,17,0.71,41.8,42.0,42.25,41.5,1.79,14.6,1.57,,,,,
1107,2013,中鋼構,市,09/07,,41.75,0.0,0.0,51,2.12,41.75,41.75,41.75,41.5,0.6,12.8,1.51,,,,,
1108,6968,萬達寵物,櫃,09/07,,41.75,0.05,0.12,151,6.3,41.7,41.7,42.15,41.2,2.28,16.4,1.57,,,,,
1109,1229,聯華,市,09/07,,41.65,-0.2,-0.48,1316,54.8,41.85,42.2,42.2,41.45,1.79,17.0,1.19,,,,,
1110,6470,宇智,櫃,09/07,,41.65,-0.15,-0.36,75,3.15,41.8,41.8,42.45,41.5,2.27,8.7,1.39,,,,,
1111,2433,互盛電,市,09/07,,41.6,0.0,0.0,27,1.12,41.6,41.6,41.75,41.3,1.08,13.9,1.84,,,,,
1112,00694B,富邦美債1-3,櫃,09/07,,41.56,-0.17,-0.41,117,4.86,41.73,41.61,41.62,41.51,0.26,,1.0024,,,,,
1113,4139,馬光-KY,櫃,09/07,,41.5,-0.45,-1.07,16,0.67,41.95,42.05,42.9,41.5,3.34,,4.55,,,,,
1114,6986,和迅,櫃,09/07,,41.5,-0.3,-0.72,63,2.59,41.8,41.6,41.6,40.8,1.91,16.5,2.02,,,,,
1115,8481,政伸,市,09/07,,41.5,0.5,1.22,19,0.79,41.0,41.3,41.5,41.0,1.22,12.3,1.63,,,,,
1116,2718,全心投控,櫃,09/07,,41.4,0.4,0.98,14,0.57,41.0,41.0,41.75,41.0,1.83,3.95,0.58,,,,,
1117,6163,華電網,櫃,09/07,,41.4,0.2,0.49,274,11.3,41.2,41.65,41.95,40.8,2.79,47.0,2.1,,,,,
1118,6751,智聯服務,櫃,09/07,,41.4,0.35,0.85,10,0.42,41.05,41.4,41.8,41.35,1.1,7.2,0.99,,,,,
1119,8916,光隆,櫃,09/07,,41.3,0.35,0.85,134,5.54,40.95,41.05,41.55,41.05,1.22,14.2,1.22,,,,,
1120,5489,彩富,櫃,09/07,,41.25,-0.15,-0.36,19,0.79,41.4,41.0,41.35,41.0,0.85,19.1,1.82,,,,,
1121,8367,建新國際,市,09/07,,41.2,0.2,0.49,8,0.35,41.0,41.05,41.2,40.75,1.1,13.1,1.16,,,,,
1122,2887,台新新光金,市,09/07,,41.1,-0.4,-0.96,57658,2376.0,41.5,41.85,41.85,40.7,2.77,14.7,1.51,,,,,
1123,3285,微端,櫃,09/07,,41.1,0.1,0.24,4,0.18,41.0,42.95,42.95,41.1,4.51,22.3,2.81,,,,,
1124,9938,百和,市,09/07,,41.1,-0.05,-0.12,999,41.0,41.15,41.3,41.35,40.85,1.22,12.6,0.94,,,,,
1125,8931,大汽電,櫃,09/07,,41.05,0.05,0.12,169,6.95,41.0,41.35,41.35,40.85,1.22,35.4,2.54,,,,,
1126,2498,宏達電,市,09/07,,41.0,-0.6,-1.44,4140,171.0,41.6,41.7,41.9,41.0,2.16,15.9,1.31,,,,,
1127,3701,大眾控,市,09/07,,41.0,-0.95,-2.26,763,31.3,41.95,41.95,41.95,40.8,2.74,,2.05,,,,,
1128,6931,青松健康,市,09/07,,41.0,0.0,0.0,28,1.15,41.0,41.0,41.0,40.65,0.85,10.9,2.09,,,,,
1129,6821,聯寶,櫃,09/07,,40.95,-1.45,-3.42,186,7.61,42.4,41.5,41.75,40.1,3.89,23.3,1.77,,,,,
1130,00859B,群益0-1年美債,櫃,09/07,,40.9,-0.13,-0.32,3634,149.0,41.03,40.86,40.91,40.83,0.19,,1.0031,,,,,
1131,1711,永光,市,09/07,,40.9,-1.4,-3.31,4512,186.0,42.3,42.5,42.5,40.7,4.26,315.0,2.51,,,,,
1132,2489,瑞軒,市,09/07,,40.9,-0.1,-0.24,18408,755.0,41.0,41.0,41.65,40.55,2.68,29.6,1.89,,,,,
1133,4527,方土霖,櫃,09/07,,40.9,0.1,0.25,3,0.12,40.8,40.9,40.9,40.9,0.0,9.49,1.82,,,,,
1134,4741,泓瀚,櫃,09/07,,40.9,0.55,1.36,179,7.26,40.35,40.35,41.65,40.0,4.09,33.8,1.53,,,,,
1135,6668,中揚光,市,09/07,,40.9,-1.7,-3.99,1384,57.3,42.6,42.75,42.75,40.45,5.4,,1.96,,,,,
1136,6763,綠界科技*,櫃,09/07,,40.9,-0.35,-0.85,183,7.49,41.25,41.2,41.2,40.75,1.09,9.93,2.52,,,,,
1137,00923,群益台ESG低碳50,市,09/07,,40.86,0.72,1.79,6085,248.0,40.14,40.54,41.05,40.53,1.3,,0.9949,,,,,
1138,6021,美好證,櫃,09/07,,40.85,0.6,1.49,304,12.4,40.25,40.75,41.05,40.25,1.99,3.59,0.99,,,,,
1139,6697,東捷資訊,櫃,09/07,,40.85,0.25,0.62,5,0.21,40.6,41.0,41.0,40.85,0.37,13.4,1.85,,,,,
1140,00701,國泰股利精選30,市,09/07,,40.7,0.62,1.55,1019,41.3,40.08,40.13,40.99,40.13,2.15,,0.9995,,,,,
1141,2485,兆赫,市,09/07,,40.7,-0.6,-1.45,2147,87.8,41.3,41.75,41.85,40.7,2.78,46.8,2.42,,,,,
1142,00709,富邦歐洲,市,09/07,,40.68,-0.24,-0.59,19,0.78,40.92,40.78,40.83,40.68,0.37,,0.9983,,,,,
1143,6624,萬年清,櫃,09/07,,40.65,0.0,0.0,0,0.0,40.65,40.65,40.65,40.65,0.0,52.1,1.85,,,,,
1144,00737,國泰AI機器人,市,09/07,,40.38,-0.25,-0.62,74,3.0,40.63,40.61,40.61,40.12,1.21,,1.002,,,,,
1145,1712,興農,市,09/07,,40.3,-0.35,-0.86,615,24.9,40.65,40.9,40.9,40.25,1.6,15.2,2.06,,,,,
1146,9933,中鼎,市,09/07,,40.3,-0.1,-0.25,2635,106.0,40.4,40.55,40.75,39.9,2.1,7.15,1.59,,,,,
1147,4116,明基醫,櫃,09/07,,40.25,0.0,0.0,20,0.8,40.25,39.95,40.25,39.8,1.12,15.2,1.63,,,,,
1148,8908,欣雄,櫃,09/07,,40.2,0.25,0.63,28,1.11,39.95,39.95,40.5,39.6,2.25,19.0,3.08,,,,,
1149,006205,富邦上証,市,09/07,,40.18,-0.6,-1.47,184,7.41,40.78,41.1,41.1,40.14,2.35,,0.9953,,,,,
1150,1817,凱撒衛,市,09/07,,40.1,0.05,0.12,97,3.9,40.05,40.1,40.2,39.9,0.75,7.99,1.26,,,,,
1151,2945,三商家購,市,09/07,,40.1,0.05,0.12,15,0.59,40.05,40.1,40.1,40.0,0.25,21.7,1.41,,,,,
1152,6184,大豐電,市,09/07,,40.1,-0.2,-0.5,162,6.48,40.3,40.25,40.25,39.95,0.74,17.3,1.29,,,,,
1153,6909,創控,市,09/07,,40.1,-0.6,-1.47,150,6.03,40.7,40.35,40.4,40.05,0.86,29.3,2.64,,,,,
1154,2324,仁寶,市,09/07,,40.05,-1.55,-3.73,125563,4995.0,41.6,41.6,41.6,39.2,5.77,20.4,1.23,,,,,
1155,2916,滿心,櫃,09/07,,40.05,0.0,0.0,29,1.16,40.05,40.0,40.3,40.0,0.75,10.3,1.68,,,,,
1156,8249,菱光,市,09/07,,40.0,-0.95,-2.32,236,9.51,40.95,40.6,40.8,40.0,1.95,15.7,0.78,,,,,
1157,2417,圓剛,市,09/07,,39.8,-2.6,-6.13,1567,62.8,42.4,41.7,41.75,39.8,4.6,28.4,1.84,,,,,
1158,2342,茂矽,市,09/07,,39.75,0.05,0.13,2873,116.0,39.7,40.3,41.2,39.55,4.16,,2.72,,,,,
1159,4160,訊聯基因,櫃,09/07,,39.75,0.35,0.89,24,0.94,39.4,39.45,39.9,39.45,1.14,58.5,2.15,,,,,
1160,7821,神數,市,09/07,,39.75,0.2,0.51,100,3.95,39.55,39.55,39.9,39.4,1.26,12.1,1.8,,,,,
1161,3704,合勤控,市,09/07,,39.7,-0.4,-1.0,1403,55.9,40.1,40.4,40.65,39.4,3.12,11.9,1.34,,,,,
1162,3501,維熹,市,09/07,,39.6,-0.2,-0.5,106,4.23,39.8,40.0,40.2,39.55,1.63,22.9,0.67,,,,,
1163,6609,瀧澤科,櫃,09/07,,39.6,-0.3,-0.75,85,3.34,39.9,39.9,39.9,39.3,1.5,,1.21,,,,,
1164,8182,加高,櫃,09/07,,39.6,0.75,1.93,500,19.9,38.85,39.4,40.5,38.85,4.25,37.4,1.18,,,,,
1165,9925,新保,市,09/07,,39.55,0.0,0.0,766,30.3,39.55,39.6,39.6,39.4,0.51,13.1,1.05,,,,,
1166,4568,科際精密,櫃,09/07,,39.4,0.1,0.25,4,0.17,39.3,39.3,39.4,39.15,0.64,21.6,1.18,,,,,
1167,5484,慧友,市,09/07,,39.4,-0.1,-0.25,102,4.02,39.5,39.8,39.8,39.35,1.14,29.0,4.76,,,,,
1168,1618,合機,市,09/07,,39.3,-0.35,-0.88,346,13.6,39.65,39.95,39.95,39.05,2.27,8.09,1.12,,,,,
1169,6952,大武山,市,09/07,,39.25,1.05,2.75,22,0.87,38.2,38.5,39.35,38.0,3.53,31.2,1.81,,,,,
1170,6405,悅城,市,09/07,,39.2,-0.9,-2.24,492,19.5,40.1,40.1,40.6,39.1,3.74,,0.78,,,,,
1171,4706,大恭,櫃,09/07,,39.15,3.55,9.97,117,4.57,35.6,39.15,39.15,39.15,0.0,35.0,2.0,,,,,
1172,3207,耀勝,櫃,09/07,,39.1,-0.9,-2.25,142,5.58,40.0,39.85,39.85,38.9,2.38,,1.52,,,,,
1173,00727B,國泰優選非投等債,櫃,09/07,,39.08,-0.17,-0.43,116,4.54,39.25,39.19,39.19,39.02,0.43,,1.0017,,,,,
1174,6243,迅杰,市,09/07,,39.05,-0.35,-0.89,273,10.8,39.4,40.2,40.2,39.05,2.92,,2.4,,,,,
1175,3059,華晶科,市,09/07,,39.0,-0.3,-0.76,1029,40.2,39.3,39.6,39.6,38.9,1.78,31.0,1.18,,,,,
1176,5215,科嘉-KY,市,09/07,,39.0,0.05,0.13,21,0.82,38.95,39.1,39.2,38.55,1.67,9.92,0.69,,,,,
1177,6235,華孚,市,09/07,,39.0,-0.45,-1.14,290,11.4,39.45,39.95,39.95,39.0,2.41,24.2,1.55,,,,,
1178,8349,恒耀,櫃,09/07,,39.0,0.05,0.13,66,2.55,38.95,38.6,39.0,38.6,1.03,15.9,1.12,,,,,
1179,1235,興泰,市,09/07,,38.95,0.9,2.37,21,0.82,38.05,39.0,39.0,37.85,3.02,,0.67,,,,,
1180,2009,第一銅,市,09/07,,38.95,-0.45,-1.14,1262,49.2,39.4,39.9,39.9,38.8,2.79,37.5,1.6,,,,,
1181,2748,雲品,市,09/07,,38.85,0.0,0.0,90,3.48,38.85,39.0,39.2,38.6,1.54,15.4,1.39,,,,,
1182,020025,統一亞洲半導體N,櫃,09/07,,38.8,0.8,2.11,96,3.63,38.0,37.63,38.8,37.62,3.11,,1.0257,,,,,
1183,2816,旺旺保,市,09/07,,38.8,-1.2,-3.0,689,26.9,40.0,40.3,40.3,38.75,3.87,3.38,0.9,,,,,
1184,4754,國碳科,櫃,09/07,,38.8,0.3,0.78,5,0.2,38.5,38.65,38.8,38.65,0.39,12.0,2.19,,,,,
1185,4420,光明,櫃,09/07,,38.75,0.2,0.52,47,1.81,38.55,38.9,38.9,38.6,0.78,28.9,1.1,,,,,
1186,4584,君帆,櫃,09/07,,38.7,0.0,0.0,2,0.08,38.7,38.75,38.75,38.7,0.13,15.6,1.1,,,,,
1187,2543,皇昌,市,09/07,,38.65,0.2,0.52,661,25.5,38.45,38.9,38.9,38.25,1.69,13.8,2.12,,,,,
1188,2348A,海悅甲特,市,09/07,,38.6,0.05,0.13,41,1.58,38.55,38.55,38.65,38.5,0.39,,,,,,,
1189,2338,光罩,市,09/07,,38.55,-0.05,-0.13,935,36.1,38.6,39.0,39.2,38.25,2.46,,2.05,,,,,
1190,00947,台新臺灣IC設計,市,09/07,,38.54,1.11,2.97,7948,305.0,37.43,38.22,38.7,38.12,1.55,,0.9974,,,,,
1191,6708,天擎,櫃,09/07,,38.5,-0.25,-0.65,40,1.52,38.75,39.3,39.3,37.15,5.55,128.0,2.86,,,,,
1192,9924,福興,市,09/07,,38.45,0.0,0.0,151,5.8,38.45,38.65,38.65,38.35,0.78,10.6,0.84,,,,,
1193,5878,台名,櫃,09/07,,38.15,-0.4,-1.04,7,0.28,38.55,38.7,38.7,38.15,1.43,15.2,1.84,,,,,
1194,6101,寬魚國際,櫃,09/07,,38.1,0.15,0.4,129,4.92,37.95,38.35,38.35,37.7,1.71,28.0,3.24,,,,,
1195,6790,永豐實,市,09/07,,38.1,-0.05,-0.13,62,2.37,38.15,38.2,38.2,38.0,0.52,12.4,1.82,,,,,
1196,6843,進典,櫃,09/07,,38.1,0.1,0.26,5,0.19,38.0,38.1,38.35,38.1,0.66,20.3,1.53,,,,,
1197,1783,和康生,市,09/07,,38.05,-0.25,-0.65,80,3.07,38.3,39.0,39.0,38.0,2.61,11.7,2.28,,,,,
1198,2948,寶陞,櫃,09/07,,38.05,-0.1,-0.26,3,0.13,38.15,38.3,38.3,36.85,3.8,17.5,1.16,,,,,
1199,5906,台南-KY,市,09/07,,38.0,0.0,0.0,1,0.05,38.0,38.0,38.0,38.0,0.0,950.0,2.6,,,,,
1200,7777,能率亞洲,櫃,09/07,,38.0,-0.3,-0.78,1353,51.5,38.3,38.7,38.7,37.65,2.74,31.1,3.04,,,,,
