排名,代號,名稱,成交,漲跌 價,漲跌 幅,法人 買賣 日期,當日 買賣超 佔 成交,2日 買賣超 佔 成交,3日 買賣超 佔 成交,5日 買賣超 佔 成交,10日 買賣超 佔 成交,1個月 買賣超 佔 成交,3個月 買賣超 佔 成交,半年 買賣超 佔 成交,1年 買賣超 佔 成交,3年 買賣超 佔 成交,10年 買賣超 佔 成交,今年 買賣超 佔 成交
1,4154,樂威科-KY,13.75,0.0,0.0,06/12,-100.0,-100.0,-100.0,-12.2,2.1,-5.29,-3.61,-2.49,-2.04,-7.32,-8.23,-2.57
2,00689R,國泰20年美債反1,21.92,-0.27,-1.22,06/12,-89.5,-88.8,-87.3,-58.4,-10.4,27.1,11.0,15.0,9.42,2.39,,15.3
3,910322,康師傅-DR,21.65,0.2,0.93,06/12,-55.0,-30.0,-84.5,-87.3,-59.1,-51.7,-21.0,-4.65,-8.85,-1.27,-0.2,1.53
4,4406,新昕纖,9.87,-0.01,-0.1,06/12,-100.0,-66.7,-60.0,-38.4,-16.6,-0.26,-0.49,0.31,0.21,-0.45,0.0,0.38
5,8905,裕國,29.9,0.1,0.34,06/12,-63.5,-60.5,-53.9,-34.0,-19.2,-0.97,-0.99,-0.41,-0.16,0.1,0.0,-0.43
6,00681R,元大美債20反1,21.01,-0.24,-1.13,06/12,0.0,-2.55,-53.9,-47.0,-12.8,-7.0,1.96,4.62,5.28,2.98,,4.82
7,6835,圓裕,36.45,0.2,0.55,06/12,-46.3,-47.7,-53.1,-48.4,-7.18,-2.9,-1.34,-1.26,-0.22,-0.23,,-1.81
8,6228,全譜,21.6,0.0,0.0,06/12,0.0,0.0,-48.3,0.0,0.0,0.21,-0.49,-0.05,0.25,0.03,0.02,0.32
9,2105,正新,34.25,-0.75,-2.14,06/12,-53.7,-50.0,-47.0,-47.4,-43.6,-33.4,-20.6,-8.48,-7.43,-4.67,-2.0,-7.48
10,1402,遠東新,27.0,-0.4,-1.46,06/12,-50.7,-55.1,-46.5,-43.6,-15.7,-8.01,-10.8,-7.81,-8.52,-1.17,-0.61,-7.85
11,2496,卓越,64.9,0.2,0.31,06/12,-60.0,-45.9,-46.4,-26.6,-4.44,-4.85,-0.3,-0.96,-1.38,-0.01,-1.62,-0.52
12,1414,東和,16.8,0.05,0.3,06/12,16.0,-24.6,-45.1,-14.2,5.58,-3.07,-3.95,-3.36,-0.56,0.11,-0.05,-3.15
13,4770,上品,213.5,-0.5,-0.23,06/12,-43.5,-46.1,-44.2,-15.3,-10.5,-1.49,-5.2,-2.17,-2.01,-0.3,,-2.2
14,2347,聯強,89.1,-1.7,-1.87,06/12,-17.4,-50.0,-43.8,-46.6,-47.4,-35.3,-5.46,6.24,-0.87,0.28,-1.0,2.04
15,2883,凱基金,27.45,-0.3,-1.08,06/12,-26.1,-39.3,-42.0,-38.1,-29.6,-23.8,-10.1,1.81,-1.25,2.04,0.32,1.16
16,00921,兆豐龍頭等權重,22.7,0.21,0.93,06/12,-53.7,-44.4,-42.0,-19.0,-26.6,-19.2,1.06,4.13,7.4,2.68,,4.22
17,6561,是方,339.0,1.0,0.3,06/12,-34.2,-48.4,-40.9,-29.7,2.44,13.3,3.52,-8.25,-11.3,-5.58,,-6.37
18,006206,元大上證50,36.92,0.71,1.96,06/12,-37.6,-40.3,-38.7,-20.3,-16.3,2.27,6.17,2.41,2.39,1.42,3.24,1.77
19,00856B,永豐1-3年美公債,37.75,0.03,0.08,06/12,-100.0,-81.1,-38.4,-18.6,-2.11,-10.1,-25.5,-11.2,-0.87,1.82,,-15.1
20,2719,燦星旅,24.8,-0.15,-0.6,06/12,-23.4,-41.6,-36.9,-24.7,-8.09,-3.94,-2.23,-1.38,-0.64,-0.32,-0.13,-1.45
21,2855,統一證,50.5,-0.4,-0.79,06/12,-36.4,-35.0,-36.8,-38.6,-34.9,-24.2,-8.89,-3.12,-1.03,-0.18,-0.07,-2.53
22,6921,嘉雨思-創,69.7,0.1,0.14,06/12,-42.7,-21.6,-36.5,-30.4,-12.3,-17.2,-1.08,,,,,-0.37
23,6770,力積電,67.2,2.8,4.35,06/12,-35.0,-17.5,-36.3,-23.7,-14.0,4.03,-0.6,-0.1,0.62,-0.09,,-0.01
24,9955,佳龍,26.8,0.55,2.1,06/12,10.9,-13.0,-35.4,-29.7,-4.11,-4.72,-3.65,-0.46,-0.34,-0.07,-0.03,-0.95
25,6952,大武山,36.1,0.1,0.28,06/12,-7.14,-19.3,-35.2,-28.2,-7.04,-10.7,0.22,-0.07,-0.11,,,0.05
26,6192,巨路,117.5,0.0,0.0,06/12,-31.4,-51.4,-35.1,-22.6,-12.4,1.72,5.79,9.77,7.23,2.91,2.12,8.6
27,3073,天方能源,20.3,0.1,0.5,06/12,-28.8,-29.4,-34.6,-24.8,-9.27,-1.48,2.12,1.2,0.55,0.13,0.05,1.45
28,5460,同協,14.85,0.2,1.37,06/12,0.0,-22.6,-33.4,-27.1,-1.8,-0.8,-1.57,-1.92,-1.29,-0.05,0.0,-2.94
29,2008,高興昌,30.0,0.3,1.01,06/12,38.4,-32.7,-33.1,-21.3,-3.36,0.37,1.09,1.02,-0.4,0.29,0.0,1.59
30,4121,優盛,13.5,0.05,0.37,06/12,-15.2,-31.5,-32.9,-26.8,-7.37,-1.5,-2.6,0.1,-0.32,0.1,0.0,-0.46
31,2850,新產,148.5,-2.5,-1.66,06/12,-43.0,-35.4,-32.8,-26.1,-14.8,-9.04,0.49,-1.28,1.7,-0.2,2.08,0.69
32,2731,雄獅,152.0,0.0,0.0,06/12,-34.7,-34.8,-32.4,-16.0,-7.73,-9.89,-23.8,-14.7,-3.3,-0.48,0.18,-15.0
33,6805,富世達,1825.0,75.0,4.29,06/12,-30.3,-25.7,-32.3,-20.7,-5.73,3.28,1.99,0.44,0.71,,,0.6
34,0061,元大寶滬深,24.83,0.56,2.31,06/12,-45.7,-42.3,-31.6,-16.7,-14.7,3.47,3.45,9.5,12.4,1.81,5.25,8.69
35,3679,新至陞,113.5,-1.0,-0.87,06/12,-26.1,-30.4,-30.7,-24.8,-18.3,-11.9,-2.75,-1.38,-6.45,-0.27,-0.42,-1.65
36,4441,振大環球,193.5,3.0,1.57,06/12,-21.8,-25.2,-30.5,-23.8,-11.6,-4.62,-9.09,-5.38,,,,-6.13
37,8084,巨虹,46.9,0.0,0.0,06/12,-57.6,-54.2,-30.1,-12.5,-10.7,-7.49,-0.64,-0.26,-0.21,-0.03,-0.02,-0.44
38,1452,宏益,10.95,0.0,0.0,06/12,-38.0,-24.0,-29.8,-32.3,-6.49,-4.46,0.26,-0.67,-2.88,-1.52,0.03,-0.32
39,2459,敦吉,69.0,0.7,1.02,06/12,-21.2,-35.0,-29.6,-29.0,-18.5,-12.8,-9.3,-6.36,-4.43,-3.72,-1.3,-6.45
40,6504,南六,35.6,0.15,0.42,06/12,-29.6,-35.8,-29.5,-14.5,-0.48,-3.8,-1.15,-3.38,-8.27,-4.45,-0.41,-2.81
41,3310,佳穎,67.4,0.4,0.6,06/12,-46.5,-20.7,-29.5,-6.27,-0.65,-0.27,-0.36,-0.35,-0.12,-0.37,0.0,-0.14
42,1210,大成,55.3,-0.4,-0.72,06/12,-43.9,-49.8,-29.5,-32.3,-38.1,-30.5,-10.8,-8.06,-6.19,-1.58,-0.8,-6.5
43,1535,中宇,50.2,0.8,1.62,06/12,-33.6,-32.8,-29.2,-21.4,-10.1,-8.25,-2.99,-0.9,-0.87,-0.85,0.18,-0.78
44,2458,義隆,146.5,0.5,0.34,06/12,-6.76,-11.4,-29.1,-20.1,-16.5,0.7,9.95,6.62,0.0,-0.24,1.05,10.1
45,00780B,國泰A級金融債,37.15,0.11,0.3,06/12,-42.5,-37.3,-29.0,-28.1,-14.4,-9.1,0.45,67.1,73.8,53.3,,68.9
46,8034,榮群,23.4,0.2,0.86,06/12,2.18,-14.2,-28.9,-29.2,-2.32,-6.49,-3.62,-0.47,-0.28,-0.01,-0.03,-1.05
47,4119,旭富,41.6,-0.7,-1.65,06/12,-52.9,-32.4,-28.6,-26.0,-13.1,-7.66,-7.96,-2.31,-1.65,-2.69,-0.37,-2.38
48,4726,永昕,25.35,0.55,2.22,06/12,11.7,-15.8,-28.6,-24.1,-5.18,-3.37,-0.54,-1.65,0.87,0.34,0.04,-1.02
49,2881,富邦金,122.0,-3.5,-2.79,06/12,-31.8,-26.7,-28.6,-28.8,-8.94,13.6,9.81,9.7,1.35,-1.52,-2.48,7.89
50,6908,宏碁遊戲-創,38.9,0.25,0.65,06/12,0.0,-2.09,-28.5,-22.5,-1.84,7.39,,,,,,
51,5704,老爺知,21.3,-0.05,-0.23,06/12,0.0,-38.1,-28.5,-26.1,2.21,-4.95,-1.83,-0.29,-0.38,-0.36,-0.01,-0.38
52,6902,GOGOLOOK,133.0,0.0,0.0,06/12,-11.0,-24.4,-28.4,-8.79,-6.97,0.76,0.51,0.53,0.34,,,0.14
53,4728,雙美,377.0,4.0,1.07,06/12,0.0,-56.1,-28.4,-10.4,-5.75,6.7,31.2,39.5,17.8,4.57,1.56,39.0
54,1476,儒鴻,344.5,0.5,0.15,06/12,-18.9,-28.7,-28.0,-29.0,-21.6,-4.91,-8.89,-4.78,-6.24,-4.74,-1.4,-3.93
55,6441,廣錠,23.3,0.2,0.87,06/12,-19.5,-28.4,-28.0,-20.6,-7.19,-6.9,-2.49,-2.09,-1.58,-0.83,,-2.11
56,3706,神達,85.5,-1.0,-1.16,06/12,-30.2,-23.3,-27.8,-21.1,-0.21,1.78,2.48,1.73,-0.35,-0.21,-0.15,2.06
57,2482,連宇,16.6,0.25,1.53,06/12,-2.09,-8.38,-27.5,-19.9,0.08,0.32,-2.54,2.27,-0.2,-0.12,-0.04,1.6
58,2379,瑞昱,618.0,-37.0,-5.65,06/12,-27.0,-30.3,-27.0,-29.1,-28.3,-12.6,6.45,0.04,-2.07,-0.08,-0.26,1.71
59,1563,巧新,60.1,0.1,0.17,06/12,-38.4,-23.3,-27.0,-24.1,3.7,9.49,7.51,4.62,2.89,,,5.05
60,8085,福華,12.75,0.05,0.39,06/12,-53.2,-38.5,-26.9,-25.2,-23.6,-11.8,-3.51,-0.63,-0.34,0.11,-0.01,0.14
61,6423,億而得,80.4,0.4,0.5,06/12,-17.9,-20.8,-26.6,-17.0,-1.96,-1.73,-0.07,-1.11,-1.06,,,-1.05
62,1218,泰山,18.0,0.1,0.56,06/12,-45.5,-31.8,-26.3,-17.6,-1.01,-4.22,0.47,6.98,0.41,1.27,0.23,7.07
63,0050,元大台灣50,101.95,2.1,2.1,06/12,7.52,-22.9,-26.2,-21.2,-19.6,-16.4,-13.4,-18.1,-20.3,-18.2,-13.6,-18.6
64,00943,兆豐電子高息等權,21.58,0.6,2.86,06/12,-14.4,10.6,-26.1,-35.9,-18.6,11.3,44.1,28.5,14.2,,,30.4
65,1473,台南,20.5,0.1,0.49,06/12,-4.95,1.01,-26.0,-8.23,5.23,0.81,0.29,0.16,-1.47,-1.68,-2.63,-0.05
66,6461,益得,15.75,0.1,0.64,06/12,1.7,-30.4,-26.0,-11.2,-8.64,-5.06,-2.47,-0.21,-0.02,0.0,,-0.15
67,4905,台聯電,72.0,-0.9,-1.23,06/12,-49.0,-32.7,-25.9,-24.2,-8.59,0.43,0.46,0.36,-0.41,-7.21,-3.43,0.35
68,00785B,富邦金融投等債,35.18,0.23,0.66,06/12,-28.8,-16.9,-25.9,-12.8,3.14,8.18,94.9,86.9,83.8,88.9,,88.3
69,6934,心誠鎂,70.0,-0.7,-0.99,06/12,-68.8,-31.3,-25.8,-13.1,1.57,-0.22,-0.57,,,,,
70,009820,元大納斯達克精選,10.04,0.12,1.21,06/12,-3.83,-18.8,-25.8,-19.3,-32.8,7.22,,,,,,
71,8489,三貝德,22.25,0.2,0.91,06/12,0.0,-22.9,-25.5,-22.6,-5.14,1.18,-11.4,-2.9,-0.93,-0.44,,-3.77
72,3540,曜越,25.4,0.0,0.0,06/12,-9.29,-17.0,-25.5,-15.6,-0.44,-0.66,-4.1,-4.64,-1.19,-0.87,-0.05,-4.94
73,8499,鼎炫-KY,284.5,-2.5,-0.87,06/12,-12.4,-17.5,-25.4,-19.1,-12.1,3.85,1.31,0.04,-0.17,-0.01,,-1.81
74,4188,安克,10.55,-0.05,-0.47,06/12,-21.9,-24.1,-25.3,-6.91,-0.53,-1.18,-0.64,-0.56,0.03,-0.01,0.0,-0.56
75,1752,南光,32.95,0.25,0.76,06/12,0.0,-18.1,-25.3,-42.3,-19.1,-12.4,-2.94,-3.95,-2.78,-1.08,-0.04,-3.06
76,1445,大宇,11.15,-0.1,-0.89,06/12,3.84,-15.4,-25.0,-24.8,-6.25,-0.27,1.9,2.3,4.23,1.29,0.62,2.47
77,6752,叡揚,100.0,0.0,0.0,06/12,-19.2,-37.7,-24.9,-14.4,-4.84,-6.51,-5.52,-5.84,-8.92,0.02,,-5.9
78,2608,嘉里大榮,30.2,-0.15,-0.49,06/12,-41.3,-35.4,-24.4,-15.7,-5.44,-14.4,-17.3,-17.3,-14.7,-4.77,-1.54,-16.7
79,1301,台塑,45.25,1.45,3.31,06/12,27.7,-8.48,-24.2,-31.1,-2.58,-4.21,6.33,5.28,3.4,-1.37,-1.48,6.46
80,2439,美律,92.3,2.9,3.24,06/12,-35.3,-32.7,-24.2,-12.4,-1.53,-0.29,-4.09,0.36,-1.97,-0.28,-0.13,-5.46
81,4440,宜新實業,17.15,0.05,0.29,06/12,-7.91,-27.7,-24.1,-26.1,-10.0,-5.68,-1.93,-1.15,-0.65,-0.1,,-0.75
82,6649,台生材,38.8,-0.1,-0.26,06/12,-19.5,-19.1,-23.8,-15.7,6.51,0.93,-0.97,-4.08,0.51,-0.08,,-3.71
83,9962,有益,9.85,-0.04,-0.4,06/12,-18.6,-24.0,-23.7,-16.4,-0.96,-0.46,-0.37,-0.27,-0.03,1.25,0.0,-0.35
84,3078,僑威,54.5,0.7,1.3,06/12,25.6,-7.28,-23.6,-17.6,-10.5,-7.62,-14.8,-12.5,-5.5,0.34,0.02,-17.2
85,7805,威聯通,701.0,13.0,1.89,06/12,-10.3,-16.9,-23.5,-12.6,-4.05,8.48,2.8,,,,,2.08
86,3057,喬鼎,18.9,0.1,0.53,06/12,-13.1,-25.5,-23.4,-5.07,7.94,6.77,2.38,1.63,1.28,0.35,-0.08,2.02
87,2031,新光鋼,41.75,-0.1,-0.24,06/12,-23.4,-25.1,-23.3,-30.1,-0.66,-0.85,-0.44,-3.55,-4.41,-1.59,-0.02,-3.05
88,00761B,國泰A級公司債,34.66,0.27,0.79,06/12,16.1,-12.3,-22.9,-44.6,-12.8,-6.87,0.52,42.4,40.3,33.2,,43.5
89,6743,安普新,28.9,-0.35,-1.2,06/12,-28.6,-30.4,-22.9,-11.2,-2.08,-1.12,-3.06,-2.12,-1.09,-0.11,,-2.23
90,8467,波力-KY,124.5,0.0,0.0,06/12,0.0,-18.3,-22.7,6.53,14.8,6.94,11.4,2.35,0.5,0.08,0.05,1.49
91,2250,IKKA-KY,61.0,-0.1,-0.16,06/12,-9.43,-21.8,-22.7,-9.1,2.74,-1.94,2.06,4.45,-0.08,-0.29,,3.45
92,6125,廣運,60.5,0.6,1.0,06/12,-28.6,-26.2,-22.7,-12.6,-7.71,2.27,0.83,-1.09,-0.26,-0.12,-0.01,0.33
93,6266,泰詠,25.45,0.1,0.39,06/12,-28.2,-26.3,-22.7,-19.0,-10.8,-7.17,-4.99,-3.72,-5.39,-1.15,-0.32,-5.64
94,4190,佐登-KY,24.9,0.35,1.43,06/12,5.0,-17.3,-22.5,-28.5,-10.9,-7.05,-4.15,-5.46,-5.25,-1.31,-0.8,-5.64
95,6722,輝創,38.8,0.2,0.52,06/12,-26.3,-22.8,-22.4,-10.9,-1.26,-3.76,3.37,,,,,
96,3062,建漢,25.6,0.7,2.81,06/12,-10.2,-15.3,-22.3,-28.6,-8.65,4.74,1.14,1.59,0.07,-0.02,-0.27,1.88
97,6754,匯僑設計,45.0,0.5,1.12,06/12,-9.65,-23.7,-22.2,-29.3,-4.27,-4.69,-0.81,-1.52,-6.5,0.27,,-1.26
98,2640,大車隊,157.5,2.5,1.61,06/12,-5.39,-10.8,-22.2,-33.9,-34.9,-11.9,-0.81,-13.5,-11.3,-3.94,0.31,-13.9
99,6165,浪凡,49.1,0.7,1.45,06/12,26.8,-10.9,-22.2,4.2,1.79,-3.4,16.6,8.9,1.86,1.31,0.6,11.0
100,3308,聯德,20.7,0.5,2.48,06/12,-2.02,-14.7,-22.0,-18.0,3.94,2.42,0.22,0.24,0.13,0.11,0.1,0.26
101,4938,和碩,93.1,-2.3,-2.41,06/12,-21.3,-24.4,-22.0,-31.6,-25.1,-21.2,-9.03,-0.42,-1.69,-2.79,-2.33,-2.6
102,006204,永豐臺灣加權,221.95,5.95,2.75,06/12,0.0,11.4,-21.9,-10.6,-2.27,-1.19,-0.01,-0.25,-0.06,-0.68,2.12,-0.28
103,2732,六角,65.1,0.1,0.15,06/12,-23.1,-5.62,-21.7,-2.82,-0.94,-2.92,-1.56,-2.26,-0.06,-2.82,-0.47,-2.73
104,1471,首利,10.7,0.1,0.94,06/12,-3.87,-19.0,-21.7,-12.4,-0.7,-0.13,-0.01,0.0,-0.14,-0.01,-0.03,-0.02
105,5371,中光電,68.0,0.3,0.44,06/12,14.0,-8.13,-21.7,-16.1,-5.85,6.06,0.5,-0.66,-0.58,-0.89,-1.52,0.32
106,6114,久威,29.85,0.65,2.23,06/12,-40.2,-24.9,-21.6,-8.68,-6.51,-1.81,-0.83,-0.02,-1.04,-0.17,0.01,-0.76
107,5520,力泰,82.0,-0.5,-0.61,06/12,0.0,-10.8,-21.6,-18.6,5.09,8.33,0.0,-0.43,-0.09,0.03,0.02,-0.12
108,2420,新巨,58.8,-0.4,-0.68,06/12,-17.7,-27.6,-21.4,-20.2,-5.18,2.63,6.07,6.76,1.22,0.96,0.16,6.95
109,4171,瑞基,17.45,0.15,0.87,06/12,-25.5,-28.4,-21.3,-23.3,0.61,-2.51,1.19,-0.19,-0.52,-1.26,-0.03,-0.44
110,2382,廣達,372.0,2.0,0.54,06/12,-13.0,-22.0,-21.2,-23.0,-20.9,-21.7,-8.35,-5.1,-0.87,-1.22,-1.68,-1.82
111,6913,鴻呈,124.5,1.5,1.22,06/12,-25.4,-16.0,-21.2,-1.25,-4.88,3.72,1.39,1.82,0.5,,,2.07
112,6560,欣普羅,37.0,0.0,0.0,06/12,-8.78,-22.2,-21.1,-19.4,-4.89,-3.64,-3.33,-1.08,0.05,0.07,,-0.97
113,4720,德淵,23.75,0.4,1.71,06/12,-4.41,-4.34,-21.0,-14.7,-0.28,-1.7,-0.68,-0.94,-1.09,-0.23,-0.06,-0.92
114,6201,亞弘電,47.2,0.2,0.43,06/12,5.45,2.59,-21.0,-12.5,-3.14,-7.64,0.5,0.75,-0.45,1.05,0.4,0.92
115,6275,元山,47.4,0.55,1.17,06/12,-1.38,-18.2,-20.9,-13.0,-3.52,-3.43,-2.96,-2.05,-0.89,-0.13,-0.11,-1.73
116,3689,湧德,116.0,2.5,2.2,06/12,-14.2,-17.3,-20.9,-25.6,-1.47,3.18,-0.33,0.94,-1.03,-0.1,-0.06,-0.51
117,1783,和康生,39.0,0.4,1.04,06/12,30.0,-19.2,-20.8,-19.1,-4.71,-6.53,-2.8,-1.61,-3.07,0.75,0.01,-0.88
118,3372,典範,19.7,-0.05,-0.25,06/12,-32.1,-15.2,-20.6,-18.5,-6.31,8.12,4.26,1.51,1.29,0.3,0.13,1.86
119,00687B,國泰20年美債,28.1,0.21,0.75,06/12,-11.2,-25.0,-20.5,-7.28,9.58,24.5,19.2,30.2,21.9,6.03,,28.9
120,5531,鄉林,8.15,-0.02,-0.24,06/12,5.8,7.38,-20.5,-19.6,-8.02,-2.7,-8.39,-7.94,-8.66,-1.15,-0.38,-7.93
121,00897,富邦基因免疫生技,9.77,0.18,1.88,06/12,61.9,-26.2,-20.4,-33.5,7.58,22.6,27.7,24.6,22.0,16.5,,25.4
122,3466,德晉,30.55,-0.8,-2.55,06/12,-27.0,-32.5,-20.2,-15.8,-9.19,-7.98,-3.6,-4.14,-0.11,-0.14,-0.23,-4.21
123,6873,泓德能源,81.7,0.0,0.0,06/12,-25.0,-30.2,-20.0,-21.2,-14.0,-9.47,-3.2,-2.82,-0.82,-0.32,,-2.71
124,2236,百達-KY,132.0,-2.0,-1.49,06/12,-8.34,-11.9,-20.0,-25.1,-14.4,-6.88,-0.1,-0.95,0.31,-0.36,-0.04,-1.22
125,8437,大地-KY,10.4,-0.1,-0.95,06/12,-19.3,-26.8,-19.8,-10.5,1.45,1.53,3.04,1.33,0.63,0.16,0.02,0.46
126,1731,美吾華,21.75,0.1,0.46,06/12,-19.8,-6.95,-19.7,-21.2,-10.2,-11.3,-4.57,-3.29,-4.15,-1.84,0.04,-3.28
127,2929,淘帝-KY,5.82,0.05,0.87,06/12,-15.9,-26.6,-19.6,-19.3,-7.13,-9.67,-2.49,-1.81,-4.92,-0.18,-1.12,-1.48
128,2207,和泰車,461.0,-8.5,-1.81,06/12,-12.1,-13.8,-19.5,-26.6,-23.5,-17.7,-14.1,-17.6,-10.8,-8.9,-0.54,-13.7
129,6596,寬宏藝術,94.6,0.6,0.64,06/12,16.2,1.73,-19.4,-21.1,-10.7,-8.4,-7.52,-4.03,-3.24,-0.42,,-4.18
130,3704,合勤控,45.4,-0.55,-1.2,06/12,-38.9,-26.4,-19.2,-20.4,-5.37,9.44,10.2,4.15,1.01,-0.34,0.07,4.77
131,00969B,元大零息超長美債,8.41,0.12,1.45,06/12,-13.9,-25.0,-19.1,-24.2,-48.7,-33.5,1.46,8.88,3.56,,,9.71
132,2007,燁興,7.4,0.05,0.68,06/12,0.4,-14.1,-19.1,-20.6,8.58,2.61,2.53,2.13,1.08,0.68,0.08,2.25
133,4178,永笙-KY,17.8,-0.15,-0.84,06/12,-24.4,-25.4,-19.1,-15.1,-3.09,-7.53,,,,,,
134,2066,世德,60.8,0.2,0.33,06/12,-16.3,-14.9,-19.1,-7.94,-4.08,-0.61,-0.88,0.29,-2.79,-0.58,-0.75,-0.11
135,00912,中信臺灣智慧50,33.0,0.86,2.68,06/12,2.03,-19.9,-19.0,-0.65,0.68,2.55,1.83,0.89,2.78,0.36,,0.84
136,00639,富邦深100,17.9,0.34,1.94,06/12,-41.1,-30.8,-19.0,-5.84,-0.43,1.17,2.02,1.07,-0.03,-2.1,2.51,1.16
137,6194,育富,32.55,0.05,0.15,06/12,-21.1,-18.6,-18.8,-11.7,4.67,-0.68,-1.09,-1.39,-1.77,0.01,-0.67,-1.19
138,006207,復華滬深,33.42,0.76,2.33,06/12,-54.2,-23.9,-18.8,-11.8,-6.32,2.96,3.79,2.83,2.38,-0.65,8.31,2.94
139,3380,明泰,33.9,-0.25,-0.73,06/12,-28.0,-17.4,-18.8,-18.1,2.29,7.32,0.83,0.94,-0.83,-1.29,-0.37,1.09
140,00962,台新AI優息動能,14.67,0.24,1.66,06/12,-52.6,-25.7,-18.8,-14.1,4.27,4.22,6.52,5.89,3.46,,,6.09
141,4580,捷流閥業,81.1,0.5,0.62,06/12,-58.3,-39.8,-18.8,-10.9,2.44,8.38,3.68,4.5,0.45,1.35,,4.75
142,4402,郡都開發,16.4,-0.8,-4.65,06/12,-1.95,-1.98,-18.8,-7.44,-3.51,-0.91,-0.62,-0.11,-0.2,0.55,0.2,-0.29
143,2365,昆盈,33.55,0.25,0.75,06/12,-6.11,-12.6,-18.7,-3.64,-11.3,2.28,0.93,0.85,0.17,-0.28,-0.25,0.79
144,3131,弘塑,3230.0,195.0,6.43,06/12,-23.5,-24.5,-18.6,-13.0,-11.7,-7.83,0.56,4.7,1.99,0.89,0.64,5.09
145,4583,台灣精銳,618.0,2.0,0.32,06/12,-3.08,-8.34,-18.6,-16.8,-15.0,-6.0,-3.14,0.9,-1.82,0.16,,1.11
146,8210,勤誠,1475.0,35.0,2.43,06/12,-24.9,-25.4,-18.5,-12.2,-8.0,-12.3,-4.15,-2.4,-0.48,-0.28,-0.14,-2.75
147,006205,富邦上証,40.95,0.99,2.48,06/12,-25.3,-16.8,-18.5,11.6,12.6,12.8,11.1,9.1,6.96,4.05,4.99,9.36
148,6118,建達,16.95,0.25,1.5,06/12,12.8,-16.0,-18.5,-13.9,-5.83,-3.46,-2.98,-0.07,-0.52,0.27,-0.02,-0.42
149,4147,中裕,57.3,-1.3,-2.22,06/12,-30.2,-24.7,-18.4,-13.7,-6.93,-9.69,-9.98,-8.36,-4.11,-1.0,-0.5,-7.89
150,6910,德鴻,28.55,-0.35,-1.21,06/12,-2.56,-11.9,-18.3,-13.2,-2.2,-2.8,-4.84,-0.07,,,,0.47
151,4930,燦星網,17.35,0.05,0.29,06/12,6.9,-12.2,-18.3,-27.0,-13.8,-1.54,-1.82,-2.7,-3.27,-1.83,-0.78,-2.75
152,6541,泰福-KY,39.45,1.05,2.73,06/12,29.1,-9.47,-18.3,-14.8,-5.27,-2.7,-3.63,-4.84,-2.04,-1.84,,-7.45
153,6470,宇智,48.35,0.05,0.1,06/12,-29.3,-11.8,-18.1,-9.93,2.19,13.0,4.59,0.39,-1.76,0.42,0.05,0.41
154,5609,中菲行,82.9,0.0,0.0,06/12,-28.6,-20.8,-18.1,-0.73,-0.75,1.03,-5.17,-3.4,1.51,-1.52,0.45,-2.7
155,00845B,富邦新興投等債,33.2,0.09,0.27,06/12,0.0,-24.0,-18.1,-13.6,-2.31,-3.77,66.4,50.4,34.6,44.4,,53.2
156,7811,民盛,80.0,-0.5,-0.62,06/12,-32.4,-17.9,-18.1,-12.1,7.47,-3.4,,,,,,
157,8367,建新國際,40.35,0.15,0.37,06/12,-5.92,-34.6,-17.9,-21.3,-7.31,-9.84,-4.02,-2.01,-1.54,-0.15,,-2.24
158,6136,富爾特,25.15,0.15,0.6,06/12,-21.2,-25.9,-17.9,-14.5,-6.67,-3.15,-2.72,-2.79,-2.4,-0.84,-0.24,-3.32
159,9941,裕融,84.3,-3.4,-3.88,06/12,-27.5,-34.1,-17.9,-21.2,-23.8,-21.8,-3.69,-10.8,-5.54,-2.22,-1.05,-10.8
160,5213,亞昕,23.3,0.05,0.22,06/12,-3.18,-15.4,-17.8,-18.9,-15.1,-5.09,-3.2,-0.37,-2.05,-0.88,-0.19,-1.19
161,3373,熱映,16.95,0.25,1.5,06/12,-46.0,-31.5,-17.8,-13.2,-1.14,-0.88,-0.21,-1.49,0.33,-0.02,0.0,-0.96
162,6405,悅城,69.3,-3.7,-5.07,06/12,-21.8,-19.1,-17.7,-16.4,-12.8,-3.7,-0.58,0.1,-0.57,0.03,0.02,0.4
163,5398,慕康生醫,17.6,0.0,0.0,06/12,-14.5,-12.4,-17.7,-9.3,-0.17,-4.59,-5.36,-3.75,-0.54,0.32,0.23,-2.87
164,8042,金山電,170.5,15.5,10.0,06/12,-4.61,-18.5,-17.6,-16.4,-15.1,-8.97,2.94,1.0,0.58,0.48,0.2,1.81
165,3376,新日興,200.5,-3.0,-1.47,06/12,-25.8,-9.07,-17.5,-7.94,-0.01,3.44,1.77,-0.76,-0.54,0.0,-0.24,-0.84
166,6577,勁豐,80.0,0.2,0.25,06/12,-7.32,-31.5,-17.5,-11.1,-2.06,1.69,0.3,-2.41,-3.19,-0.86,,-1.25
167,6885,全福生技,23.05,0.1,0.44,06/12,2.39,-1.39,-17.5,-21.5,-12.2,-5.49,-1.59,-1.06,-0.66,,,-1.24
168,4749,新應材,921.0,13.0,1.43,06/12,-3.43,-13.1,-17.4,-16.5,-19.9,-8.89,-2.16,-0.32,0.45,,,-0.65
169,6916,華凌,19.6,-0.75,-3.69,06/12,-19.3,1.5,-17.4,-2.12,-0.33,-1.31,0.16,0.41,-0.78,,,1.02
170,3665,貿聯-KY,2310.0,150.0,6.94,06/12,-12.1,-17.4,-17.4,-14.9,-10.6,4.29,4.59,3.82,2.17,0.44,-0.34,5.24
171,00936,台新永續高息中小,20.55,0.18,0.88,06/12,-34.7,-13.2,-17.2,-9.01,4.57,14.6,19.2,18.2,14.9,,,18.6
172,4126,太醫,80.1,0.4,0.5,06/12,-17.1,-17.8,-17.2,-5.53,-0.71,1.09,-14.2,-17.8,-19.6,-9.22,-4.72,-17.2
173,1233,天仁,27.8,-0.2,-0.71,06/12,-46.1,-14.6,-17.1,-16.0,-13.8,-5.15,-0.83,-0.74,-1.79,1.22,-0.92,-0.43
174,3293,鈊象,755.0,-7.0,-0.92,06/12,-39.6,-27.6,-17.1,-18.2,-19.0,-15.1,-0.39,0.59,-6.3,-3.68,-0.57,0.8
175,6281,全國電,51.6,0.2,0.39,06/12,15.3,-26.5,-17.0,-21.0,5.38,8.92,2.2,-0.31,-0.81,0.46,-4.84,-0.32
176,2705,六福,15.65,0.1,0.64,06/12,-10.3,-19.4,-17.0,-1.64,-4.08,-8.8,-2.65,-2.05,-3.35,-0.55,-0.27,-2.29
177,6183,關貿,89.7,1.0,1.13,06/12,-9.56,8.68,-17.0,-30.9,-16.4,-6.13,4.55,0.48,-1.3,0.58,0.11,1.28
178,7795,長廣,375.0,25.0,7.14,06/12,-2.25,-9.57,-16.9,-17.4,-14.0,6.98,6.41,,,,,
179,6854,錼創科技-KY創,133.0,2.5,1.92,06/12,-12.9,-19.0,-16.9,-14.2,-20.3,-4.85,-1.93,-1.51,-1.88,-0.6,,-2.97
180,6486,互動,81.6,0.4,0.49,06/12,22.5,-10.6,-16.5,-3.52,-8.32,-11.9,-7.84,-2.19,-2.33,0.48,,-2.23
181,4744,皇將,30.4,-3.35,-9.93,06/12,-24.0,-19.3,-16.5,-7.78,-2.14,-2.18,-5.07,-5.38,0.32,-0.06,,-4.65
182,1817,凱撒衛,39.6,0.2,0.51,06/12,13.0,-11.3,-16.5,-18.6,-0.57,-6.29,-0.97,-0.95,-3.09,-0.04,0.55,-0.78
183,7791,皇家可口,62.8,0.1,0.16,06/12,22.8,8.65,-16.4,-31.2,-10.0,-8.59,-1.94,0.06,,,,-1.96
184,5464,霖宏,71.8,1.9,2.72,06/12,-25.6,-13.4,-16.4,-11.8,-9.29,-1.66,1.25,1.27,1.22,0.95,0.15,1.24
185,6508,惠光,23.4,0.0,0.0,06/12,-10.4,-20.9,-16.4,-17.3,0.6,2.26,0.92,-0.18,-0.48,0.13,0.01,-0.42
186,4767,誠泰科技,27.55,0.45,1.66,06/12,-25.0,-21.7,-16.3,-8.87,-4.56,-1.0,0.0,0.05,-0.07,-0.19,,0.06
187,3499,環天科,14.6,0.0,0.0,06/12,-10.8,-20.7,-16.3,-25.4,-6.4,-2.89,1.09,0.45,0.26,0.04,0.01,0.42
188,3484,崧騰,45.75,-0.5,-1.08,06/12,-41.8,-28.3,-16.2,3.48,6.26,3.17,-1.1,-0.73,-2.3,1.12,0.14,-0.23
189,5201,凱衛,28.8,0.3,1.05,06/12,27.9,-18.8,-16.1,-11.9,-3.02,-16.6,-10.1,-9.61,0.3,0.02,0.15,-10.7
190,2642,宅配通,21.6,-0.4,-1.82,06/12,-18.5,-24.0,-16.0,-9.08,-8.47,-5.91,-2.04,-1.85,-1.13,-0.31,-0.02,-1.95
191,2645,長榮航太,166.5,-0.5,-0.3,06/12,-9.22,-12.6,-16.0,6.5,4.26,7.27,7.69,-3.59,-0.61,0.99,,2.62
192,4915,致伸,76.5,1.3,1.73,06/12,0.09,-5.11,-15.9,-13.1,-3.51,-11.0,-19.4,-20.1,-8.55,-3.3,-0.45,-20.4
193,4426,利勤,8.01,0.04,0.5,06/12,21.0,7.11,-15.9,-19.5,-6.48,-3.19,-1.32,-3.82,-2.9,-3.5,-0.54,-3.61
194,8261,富鼎,173.5,15.5,9.81,06/12,-20.5,-14.9,-15.9,-8.81,-8.61,-1.71,-1.22,-0.76,-0.46,-0.28,-0.05,-0.59
195,2430,燦坤,18.35,0.05,0.27,06/12,-15.2,-24.3,-15.9,-22.2,-4.6,-3.44,-1.02,-5.37,-4.85,-2.58,-1.1,-5.32
196,4746,台耀,51.5,0.5,0.98,06/12,35.6,-28.5,-15.8,-1.81,2.39,-13.1,-11.2,-5.82,-2.4,-0.31,-0.11,-5.45
197,00759B,復華製藥債,54.8,0.35,0.64,06/12,-42.8,-27.3,-15.8,-14.2,-7.65,-5.32,-1.77,-2.2,-1.04,0.08,,-1.92
198,6203,海韻電,66.9,-0.2,-0.3,06/12,-21.0,-10.6,-15.8,-10.3,-1.26,-2.91,-4.38,-6.25,-2.34,-0.32,-0.23,-4.9
199,3324,雙鴻,1055.0,57.0,5.71,06/12,13.0,-9.15,-15.8,-8.83,7.03,0.04,-0.88,-0.72,0.09,0.12,0.12,-1.39
200,2421,建準,144.0,2.0,1.41,06/12,7.12,-6.71,-15.7,-15.3,-0.74,3.43,-4.22,-5.57,1.14,-0.05,0.27,-5.2
201,6955,邦睿生技-創,138.0,-1.0,-0.72,06/12,0.0,5.69,-15.7,-17.3,-3.2,-2.76,2.6,1.69,1.66,,,2.17
202,2743,山富,66.4,1.0,1.53,06/12,27.7,-6.15,-15.7,-14.3,2.23,0.9,-0.1,1.1,-0.91,-0.49,,0.33
203,3709,鑫聯大投控,73.3,0.6,0.83,06/12,-13.6,-8.13,-15.6,-19.5,-18.4,1.69,1.79,0.41,0.4,0.17,,0.79
204,3483,力致,91.1,0.1,0.11,06/12,-24.5,-17.6,-15.6,-10.4,-5.06,1.31,-0.82,-0.28,-0.22,-0.14,-0.01,-0.81
205,4919,新唐,175.5,3.0,1.74,06/12,-15.8,-16.0,-15.5,-15.6,-9.88,-0.83,-0.34,-0.67,-1.15,-0.27,-0.04,-0.74
206,6158,禾昌,17.45,-0.3,-1.69,06/12,-14.8,-16.8,-15.5,-19.0,-0.37,-4.55,-2.39,-1.49,-0.93,-0.01,0.05,-1.3
207,3663,鑫科,67.9,-1.4,-2.02,06/12,-12.5,-14.4,-15.5,-13.5,-4.51,-0.59,-1.53,0.01,0.0,-0.07,-0.04,0.24
208,4745,合富-KY,15.1,-0.65,-4.13,06/12,-20.3,-17.3,-15.4,-6.03,-2.35,-3.07,-16.4,-10.4,-7.19,-6.68,-1.45,-12.9
209,3622,洋華,55.1,0.5,0.92,06/12,17.7,-12.7,-15.3,-3.97,3.64,2.97,-4.48,-3.85,0.06,-0.13,-0.12,-4.75
210,3356,奇偶,56.5,1.6,2.91,06/12,37.2,18.9,-15.3,-7.97,-4.62,-0.84,1.4,2.85,3.13,0.72,-0.08,2.52
211,7705,三商餐飲,31.55,0.55,1.77,06/12,4.08,-13.3,-15.2,-18.1,42.6,22.2,9.45,5.87,2.97,,,4.76
212,6591,動力-KY,55.4,1.0,1.84,06/12,-4.04,-9.66,-15.2,-6.72,-7.43,-8.75,-7.81,-7.41,-1.18,-0.38,,-8.47
213,6605,帝寶,141.0,0.0,0.0,06/12,-0.92,-22.0,-15.2,-12.1,-1.85,-3.25,-8.86,2.75,-5.97,-1.85,0.21,-5.39
214,6609,瀧澤科,41.9,0.2,0.48,06/12,-4.37,-8.78,-15.2,-2.3,-3.3,-2.07,-0.13,-0.23,-1.87,-0.32,-0.04,-0.58
215,2308,台達電,2215.0,55.0,2.55,06/12,7.22,1.07,-15.1,-9.51,-6.08,-0.12,-0.46,-0.08,-0.86,-1.16,-0.51,0.76
216,4545,銘鈺,34.85,0.3,0.87,06/12,-11.1,-20.4,-15.1,1.41,8.0,2.21,1.92,0.57,-0.03,-0.06,0.01,1.07
217,9910,豐泰,91.9,-5.1,-5.26,06/12,-17.2,-16.2,-15.1,-19.0,-25.9,-26.3,-22.7,-13.5,-9.77,-4.34,-1.56,-12.7
218,3188,鑫龍騰,24.5,-0.45,-1.8,06/12,-17.1,-18.9,-15.0,-13.9,-12.2,-13.7,-12.8,-5.05,-1.87,-0.28,-0.07,-6.2
219,6160,欣技,16.6,0.1,0.61,06/12,-20.4,-13.6,-14.9,-9.5,-1.43,-1.91,-1.51,-1.75,0.48,0.07,0.06,-2.25
220,00737,國泰AI機器人,38.12,0.67,1.79,06/12,16.4,10.7,-14.8,-7.12,-12.8,2.38,14.5,6.3,7.0,9.58,,8.41
221,3530,晶相光,63.0,1.6,2.61,06/12,7.26,-21.2,-14.8,-15.4,-12.2,0.87,-0.97,0.01,0.3,0.32,,1.44
222,7736,虎山,72.4,0.0,0.0,06/12,0.0,4.09,-14.8,-7.46,6.34,7.63,2.69,0.8,0.95,,,0.39
223,1474,弘裕,10.2,0.1,0.99,06/12,-32.9,-10.4,-14.8,-11.7,6.0,-3.54,0.0,0.63,-0.09,-0.15,-0.01,0.68
224,1762,中化生,34.7,-0.85,-2.39,06/12,-21.1,-15.3,-14.8,-12.2,-3.39,-1.1,0.15,-0.16,-1.19,-3.08,-0.03,-0.12
225,00762,元大全球AI,113.5,3.5,3.18,06/12,13.5,16.2,-14.8,-3.1,-5.23,11.7,13.3,11.0,5.57,3.32,,11.4
226,4737,華廣,54.9,0.0,0.0,06/12,-55.6,-13.2,-14.8,-19.6,-11.3,-11.8,12.4,24.3,19.3,10.4,2.35,22.5
227,00783,富邦中証500,29.17,0.57,1.99,06/12,-5.59,-18.9,-14.7,-9.81,-4.93,-10.4,-0.82,0.11,-0.04,-0.01,,0.09
228,5871,中租-KY,121.5,-1.5,-1.22,06/12,-11.2,-10.8,-14.6,-21.2,-20.8,-18.4,-0.2,8.23,2.32,-9.2,-2.54,1.14
229,4552,力達-KY,21.3,0.35,1.67,06/12,-8.73,-9.77,-14.6,-11.2,4.45,-7.25,-4.04,-2.5,-2.47,-4.6,,-2.77
230,4994,傳奇,87.1,-0.4,-0.46,06/12,-34.4,-17.8,-14.5,-20.5,-4.47,-5.01,-7.36,-4.88,-2.8,0.15,0.35,-5.46
231,2474,可成,205.5,0.0,0.0,06/12,-23.5,-7.9,-14.5,-5.2,-3.14,-4.74,-2.98,-3.07,-7.8,-7.89,-3.03,-4.96
232,1102,亞泥,35.2,0.7,2.03,06/12,-0.43,-14.5,-14.4,-26.8,-22.8,-19.4,-16.0,-21.1,-11.1,-3.35,-1.87,-16.4
233,1514,亞力,119.5,1.5,1.27,06/12,-16.3,-15.5,-14.4,-13.6,-5.14,-4.01,-1.8,0.34,0.64,0.17,0.18,0.28
234,8234,新漢,63.9,0.2,0.31,06/12,-21.0,-17.7,-14.4,-9.98,-8.45,-0.34,-1.23,-0.18,-0.62,-0.01,-0.03,-1.2
235,3710,連展投控,6.33,0.18,2.93,06/12,-21.1,-3.77,-14.3,-13.9,-7.2,-4.86,-4.28,-4.53,-3.35,0.12,,-4.46
236,2449,京元電子,282.0,10.0,3.68,06/12,20.4,8.77,-14.2,-16.9,0.12,3.54,-2.04,-0.88,1.04,-0.77,-0.65,-1.74
237,3349,寶德,18.35,0.4,2.23,06/12,4.22,9.02,-14.2,-4.57,-0.68,10.7,4.38,1.57,1.37,1.13,,2.37
238,4160,訊聯基因,40.1,0.15,0.38,06/12,28.5,-2.64,-14.1,-12.7,-3.99,0.68,-0.6,-1.42,-1.6,-0.16,-0.02,-0.74
239,6951,青新-創,79.6,0.1,0.13,06/12,33.6,-14.3,-14.0,-8.21,-4.73,-3.67,1.46,-0.36,0.02,,,0.36
240,1418,東華,18.5,-0.2,-1.07,06/12,-18.3,-11.4,-14.0,-14.1,-9.02,-2.66,0.42,0.57,-0.37,-0.04,0.03,0.92
241,4133,亞諾法,20.6,0.0,0.0,06/12,14.0,-1.67,-13.9,-13.3,-4.19,-0.29,-0.13,-1.05,0.55,-0.26,0.0,-0.97
242,00850,元大臺灣ESG永續,87.8,1.9,2.21,06/12,-9.58,-7.16,-13.9,-14.4,-4.46,0.08,3.23,2.42,3.25,0.11,,2.01
243,6629,泰金-KY,115.5,2.5,2.21,06/12,-15.0,-11.4,-13.7,-4.55,3.55,6.64,5.0,4.08,-0.21,-2.06,,3.95
244,8390,金益鼎,111.0,0.5,0.45,06/12,-9.45,-15.3,-13.7,-7.46,-6.84,3.44,5.99,1.47,0.94,0.47,0.17,3.41
245,4935,茂林-KY,39.0,1.25,3.31,06/12,-9.54,-1.42,-13.7,-2.22,-8.83,-3.74,-3.34,-3.56,-4.39,0.32,-0.46,-3.96
246,1733,五鼎,29.25,0.15,0.52,06/12,-10.4,-19.9,-13.7,-22.0,-0.42,0.73,-4.44,-6.14,-5.84,-0.84,-0.39,-6.02
247,3231,緯創,156.0,3.5,2.3,06/12,-15.2,-10.1,-13.6,-13.3,2.93,4.83,6.85,0.57,0.97,-0.64,-0.4,0.12
248,6113,亞矽,27.25,0.1,0.37,06/12,-10.3,-17.0,-13.6,-11.6,-5.55,3.21,1.67,0.06,0.69,0.04,0.02,0.18
249,2606,裕民,68.3,0.6,0.89,06/12,15.9,-4.48,-13.6,-16.9,-4.77,11.1,11.4,7.22,5.02,0.83,0.51,11.4
250,8481,政伸,41.9,0.5,1.21,06/12,-10.8,-5.97,-13.6,-18.5,-9.42,-0.4,0.32,0.79,0.62,0.29,,1.42
251,3226,龍鋒,48.7,0.65,1.35,06/12,-17.9,-14.0,-13.5,-8.84,-1.91,-4.89,-0.33,-0.15,-0.52,-0.1,-0.1,-0.26
252,2035,唐榮,27.5,0.0,0.0,06/12,99.1,-14.8,-13.4,-9.49,-13.8,-8.53,-16.2,-14.9,-5.74,-1.79,-0.01,-15.3
253,4974,亞泰,76.0,1.2,1.6,06/12,15.6,-8.11,-13.4,-4.02,-0.71,5.95,5.25,-0.65,-4.3,-0.63,0.08,-0.99
254,2812,台中銀,19.5,0.3,1.56,06/12,17.0,-12.5,-13.4,5.44,0.42,-7.08,-13.0,-12.5,-8.35,-3.43,-0.89,-13.0
255,2206,三陽工業,63.0,1.8,2.94,06/12,-29.5,-25.7,-13.4,-19.6,9.97,-5.85,-10.9,-10.7,-6.91,-1.68,0.23,-10.9
256,00982T,平衡兆豐台美動能,15.4,0.3,1.99,06/12,0.0,4.55,-13.3,0.21,-0.09,0.76,-0.21,,,,,0.06
257,4106,雃博,23.3,-0.15,-0.64,06/12,-4.29,-13.4,-13.3,-14.1,0.12,5.01,2.13,0.93,0.51,-1.87,-0.05,1.12
258,6733,博晟生醫,25.55,0.15,0.59,06/12,14.1,-27.3,-13.3,-5.19,4.83,6.06,4.58,-1.5,1.72,-1.26,,-2.45
259,6894,衛司特,349.0,6.0,1.75,06/12,11.2,-10.2,-13.3,-11.6,-6.4,6.02,0.1,-0.26,-0.19,,,-0.06
260,6807,峰源-KY,33.6,-0.5,-1.47,06/12,-16.6,2.31,-13.3,-16.4,-1.55,-2.51,-8.76,-8.14,-7.26,1.14,,-7.52
261,5344,立衛,15.8,0.4,2.6,06/12,-9.45,-11.9,-13.3,-12.8,-0.3,0.61,-0.02,0.14,0.11,0.04,0.0,0.17
262,7803,雲象科技-創,22.8,0.0,0.0,06/12,-8.89,-13.9,-13.2,-7.37,5.74,,,,,,,
263,6936,永鴻生技,33.55,0.35,1.05,06/12,-2.68,-1.25,-13.2,-11.1,3.41,-2.27,-2.72,-0.54,1.38,,,-0.47
264,2431,聯昌,10.8,0.1,0.93,06/12,7.03,-16.0,-13.2,-13.3,-14.8,-3.9,2.3,1.16,-1.5,-0.04,0.01,1.1
265,3323,加百裕,34.05,0.4,1.19,06/12,-14.7,-14.0,-13.2,-9.47,-3.95,0.6,0.06,0.23,-0.21,-0.14,-0.13,0.6
266,00901,永豐智能車供應鏈,45.23,1.23,2.8,06/12,-39.8,-10.1,-13.2,-4.49,-4.73,7.29,12.3,12.0,8.35,3.01,,11.9
267,2480,敦陽科,156.0,-0.5,-0.32,06/12,-13.3,-20.2,-13.2,-14.7,-2.71,-3.54,-6.91,-7.04,-4.52,1.1,0.55,-6.83
268,6796,晉弘,58.8,1.4,2.44,06/12,-10.3,-16.5,-13.1,-16.3,5.4,7.8,3.36,0.47,1.07,0.24,,1.19
269,6215,和椿,107.0,0.0,0.0,06/12,-28.2,-9.91,-13.1,-5.92,-9.27,-0.75,-0.25,0.3,-0.04,-0.15,-0.05,0.29
270,4513,福裕,15.6,0.1,0.65,06/12,3.86,-21.9,-13.1,-10.2,-6.5,0.54,2.2,1.51,-0.85,-0.08,0.02,1.05
271,2596,綠意,30.8,0.25,0.82,06/12,-25.8,-33.4,-13.1,-16.2,-7.23,-6.14,-5.22,-0.09,-2.81,-0.36,0.02,0.26
272,6117,迎廣,76.3,0.7,0.93,06/12,-20.4,-13.6,-13.0,-10.6,-4.25,-0.72,1.3,0.99,0.03,-0.05,-0.03,0.76
273,2330,台積電,2310.0,60.0,2.67,06/12,14.9,-1.34,-13.0,-23.8,-19.8,-12.2,-11.3,-13.6,-6.67,-2.0,-2.26,-14.2
274,3176,基亞,33.45,0.6,1.83,06/12,7.58,5.96,-13.0,-10.7,-10.6,-5.07,-2.29,-1.65,-1.93,-0.27,-0.03,-2.13
275,7842,天能綠電,103.0,-3.0,-2.83,06/12,-8.51,-8.29,-12.9,-6.38,-0.14,-0.38,,,,,,
276,6620,漢達,68.0,0.0,0.0,06/12,-49.4,-32.0,-12.9,-13.4,-5.66,-5.31,-6.86,,,,,-4.43
277,4976,佳凌,32.55,-0.3,-0.91,06/12,-10.3,-10.4,-12.8,-8.22,-7.77,-2.13,0.99,-3.73,0.36,0.43,0.02,-3.74
278,6637,醫影,62.5,0.5,0.81,06/12,0.0,-14.7,-12.8,-13.9,-5.62,-1.68,-4.15,-3.72,-0.32,,,-3.46
279,00930,永豐ESG低碳高息,24.17,0.45,1.9,06/12,5.38,2.81,-12.8,-2.84,3.74,6.52,18.2,15.7,11.1,,,16.0
280,00864B,中信美國公債0-1,45.93,-0.06,-0.13,06/12,-36.8,-19.2,-12.8,9.37,5.55,-4.36,-0.44,5.3,8.18,3.55,,4.44
281,2945,三商家購,42.5,0.05,0.12,06/12,-12.4,-8.04,-12.7,-15.1,0.36,0.2,1.54,1.35,1.07,0.64,,1.47
282,6245,立端,81.0,-1.4,-1.7,06/12,-51.7,-32.0,-12.6,-4.0,-5.01,6.2,7.78,4.86,-1.74,-1.16,0.05,5.21
283,6418,詠昇,32.0,0.55,1.75,06/12,-21.5,-11.5,-12.6,-14.2,-6.19,-8.18,-10.5,-3.02,0.23,0.07,,-3.54
284,1906,寶隆,11.2,0.15,1.36,06/12,-7.35,0.43,-12.5,2.59,-1.15,-1.9,-0.82,-0.71,-0.65,-0.09,-0.01,-0.65
285,6961,旅天下,55.3,0.0,0.0,06/12,-3.12,-1.42,-12.5,-8.13,-3.64,-2.75,-0.42,,,,,
286,2912,統一超,230.0,1.0,0.44,06/12,-8.02,-7.47,-12.4,-28.5,-24.1,-32.7,-12.2,-10.7,-13.0,-12.7,-7.62,-9.61
287,1225,福懋油,31.15,1.8,6.13,06/12,-23.0,-26.3,-12.4,-11.1,-3.52,-3.58,0.03,-2.46,-8.49,0.24,-0.12,-1.26
288,3491,昇達科,1690.0,10.0,0.6,06/12,-17.7,-13.5,-12.4,-9.35,-7.48,0.4,-0.12,0.4,1.6,0.97,0.41,0.3
289,2324,仁寶,36.35,0.2,0.55,06/12,-24.6,-14.8,-12.3,-16.8,-11.3,-1.25,1.31,1.06,-3.8,-2.09,-1.67,0.16
290,4927,泰鼎-KY,49.5,0.7,1.43,06/12,-1.29,-7.12,-12.3,-13.2,-16.9,-1.62,-2.19,-1.17,-0.72,-0.99,-0.29,-0.95
291,8176,智捷,10.2,-0.05,-0.49,06/12,-6.98,-3.1,-12.2,-5.64,0.04,3.41,0.75,0.42,0.22,0.05,0.02,0.5
292,5521,工信,10.55,0.3,2.93,06/12,32.6,-14.5,-12.2,-8.34,-2.5,-2.52,-3.05,-3.38,0.19,0.2,0.06,-4.72
293,6283,淳安,23.8,0.65,2.81,06/12,40.2,-4.59,-12.2,-10.9,4.17,-5.71,-4.16,-3.62,-1.3,0.19,-0.11,-3.97
294,8933,愛地雅,4.46,-0.03,-0.67,06/12,-11.2,-22.9,-12.2,-18.7,-15.2,-0.26,1.33,0.17,0.21,-0.39,0.01,0.37
295,6863,永道-KY,95.3,1.0,1.06,06/12,15.9,-7.52,-12.1,-4.62,-9.26,-11.3,-3.11,-0.9,-0.6,-0.09,,-4.61
296,8931,大汽電,42.7,0.0,0.0,06/12,-10.4,-16.9,-12.1,-14.0,-4.18,-2.44,-0.83,-0.2,-0.32,0.21,0.0,0.16
297,1528,恩德,25.25,0.05,0.2,06/12,-4.98,-4.01,-12.1,-11.2,1.4,-1.05,-0.56,0.08,-0.2,-0.23,-0.12,-0.13
298,3521,台鋼建設,12.65,0.05,0.4,06/12,-36.4,-31.9,-12.0,-11.5,-1.11,-3.77,-1.31,-0.09,-0.07,-0.22,0.02,0.26
299,8924,大田,56.2,0.6,1.08,06/12,-7.41,-8.06,-12.0,-15.1,-19.4,-16.3,-12.5,-6.72,-3.76,-0.89,-0.04,-6.34
300,3479,安勤,133.0,1.0,0.76,06/12,-18.3,-12.9,-12.0,-6.44,0.05,-0.25,-1.25,-3.92,-3.11,-1.34,-0.11,-3.57
